날짜,종가,전일비,시가,고가,저가,거래량
2019.05.30,14150.0,100.0,13950.0,14150.0,13900.0,1627268.0
2019.05.31,13950.0,200.0,14050.0,14200.0,13850.0,1520097.0
2019.06.03,14000.0,50.0,13900.0,14100.0,13850.0,1022190.0
2019.06.04,14350.0,350.0,14050.0,14550.0,14000.0,2153589.0
2019.06.05,14400.0,50.0,14600.0,14600.0,14350.0,881682.0
2019.06.07,14150.0,250.0,14200.0,14250.0,13800.0,1782142.0
2019.06.10,14350.0,200.0,14150.0,14350.0,14100.0,1038487.0
2019.06.11,14600.0,250.0,14300.0,14700.0,14200.0,1291369.0
2019.06.12,14600.0,0.0,14600.0,14800.0,14500.0,998814.0
2019.06.13,14600.0,0.0,14650.0,14650.0,14400.0,1205134.0
2019.06.14,14700.0,100.0,14550.0,14800.0,14400.0,788899.0
2019.06.17,14400.0,300.0,14600.0,14650.0,14300.0,1026542.0
2019.06.18,14350.0,50.0,14350.0,14600.0,14250.0,1128525.0
2019.06.19,14500.0,150.0,14400.0,14750.0,14350.0,1174541.0
2019.06.20,14650.0,150.0,14650.0,14850.0,14550.0,1120968.0
2019.06.21,14650.0,0.0,14700.0,14700.0,14400.0,1309600.0
2019.06.24,14600.0,50.0,14700.0,14700.0,14500.0,595138.0
2019.06.25,14600.0,0.0,14550.0,14600.0,14450.0,737355.0
2019.06.26,14600.0,0.0,14550.0,14700.0,14450.0,636195.0
2019.06.27,14650.0,50.0,14600.0,14700.0,14500.0,895621.0
2019.06.28,14500.0,150.0,14550.0,14650.0,14500.0,671600.0
2019.07.01,14700.0,200.0,14550.0,14850.0,14550.0,1375168.0
2019.07.02,14800.0,100.0,14650.0,14850.0,14600.0,670936.0
2019.07.03,14350.0,450.0,14800.0,14800.0,14200.0,1181765.0
2019.07.04,14100.0,250.0,14300.0,14350.0,14000.0,1469587.0
2019.07.05,14100.0,0.0,14000.0,14100.0,13850.0,1085366.0
2019.07.08,13850.0,250.0,14100.0,14200.0,13850.0,806807.0
2019.07.09,13700.0,150.0,13900.0,14050.0,13650.0,881107.0
2019.07.10,13650.0,50.0,13800.0,13900.0,13600.0,677145.0
2019.07.11,13650.0,0.0,13700.0,13800.0,13650.0,1359818.0
2019.07.12,13950.0,300.0,13700.0,14100.0,13650.0,893815.0
2019.07.15,14000.0,50.0,14000.0,14100.0,13900.0,661161.0
2019.07.16,13900.0,100.0,14050.0,14050.0,13800.0,1224616.0
2019.07.17,14000.0,100.0,13850.0,14050.0,13750.0,1418420.0
2019.07.18,13950.0,50.0,13900.0,14000.0,13850.0,636287.0
2019.07.19,14150.0,200.0,13950.0,14150.0,13900.0,869767.0
2019.07.22,13750.0,400.0,14100.0,14100.0,13750.0,1340393.0
2019.07.23,13350.0,400.0,13750.0,13750.0,13150.0,2801602.0
2019.07.24,13200.0,150.0,13300.0,13400.0,13000.0,1462613.0
2019.07.25,13050.0,150.0,13200.0,13200.0,12650.0,1852699.0
2019.07.26,12900.0,150.0,12800.0,13100.0,12800.0,1123975.0
2019.07.29,12850.0,50.0,12900.0,13100.0,12750.0,675110.0
2019.07.30,13000.0,150.0,12850.0,13150.0,12800.0,774206.0
2019.07.31,13000.0,0.0,13000.0,13100.0,12850.0,1096114.0
2019.08.01,12750.0,250.0,12900.0,12900.0,12750.0,808287.0
2019.08.02,13000.0,250.0,12700.0,13150.0,12600.0,1474024.0
2019.08.05,13450.0,450.0,13050.0,13650.0,12950.0,2882063.0
2019.08.06,13150.0,300.0,13300.0,13300.0,12900.0,1848596.0
2019.08.07,12800.0,350.0,13000.0,13150.0,12750.0,1233595.0
2019.08.08,12450.0,350.0,12750.0,12850.0,12400.0,2769821.0
2019.08.09,12450.0,0.0,12400.0,12550.0,12400.0,1651908.0
2019.08.12,12450.0,0.0,12450.0,12500.0,12200.0,1634101.0
2019.08.13,12500.0,50.0,12400.0,12600.0,12300.0,1282034.0
2019.08.14,12200.0,300.0,12600.0,12600.0,12200.0,1960017.0
2019.08.16,12200.0,0.0,12150.0,12350.0,12000.0,1351751.0
2019.08.19,12350.0,150.0,12300.0,12450.0,12150.0,1020247.0
2019.08.20,12500.0,150.0,12350.0,12550.0,12300.0,694539.0
2019.08.21,12500.0,0.0,12450.0,12550.0,12400.0,913008.0
2019.08.22,12400.0,100.0,12500.0,12550.0,12400.0,787720.0
2019.08.23,12350.0,50.0,12350.0,12450.0,12200.0,797763.0
2019.08.26,12300.0,50.0,12200.0,12450.0,12150.0,1072602.0
2019.08.27,12500.0,200.0,12350.0,12700.0,12300.0,1757212.0
2019.08.28,12750.0,250.0,12600.0,12950.0,12450.0,1575057.0
2019.08.29,13000.0,250.0,12800.0,13300.0,12750.0,1732610.0
2019.08.30,13200.0,200.0,13100.0,13300.0,12950.0,1448919.0
2019.09.02,13200.0,0.0,13100.0,13350.0,12900.0,807538.0
2019.09.03,13200.0,0.0,13150.0,13500.0,13150.0,961803.0
2019.09.04,13350.0,150.0,13250.0,13500.0,13150.0,1339361.0
2019.09.05,13250.0,100.0,13300.0,13450.0,13150.0,1145115.0
2019.09.06,13100.0,150.0,13250.0,13300.0,13100.0,841976.0
2019.09.09,13150.0,50.0,13150.0,13350.0,13150.0,1183898.0
2019.09.10,13500.0,350.0,13200.0,13750.0,13150.0,2018690.0
2019.09.11,13700.0,200.0,13550.0,13800.0,13450.0,1956031.0
2019.09.16,13500.0,200.0,13750.0,13800.0,13300.0,1637504.0
2019.09.17,13550.0,50.0,13400.0,13600.0,13350.0,1160132.0
2019.09.18,13450.0,100.0,13550.0,13650.0,13350.0,1461562.0
2019.09.19,13450.0,0.0,13500.0,13800.0,13400.0,1342810.0
2019.09.20,13450.0,0.0,13450.0,13500.0,13250.0,1697746.0
2019.09.23,13750.0,300.0,13450.0,13900.0,13400.0,1643987.0
2019.09.24,13850.0,100.0,13800.0,13900.0,13600.0,1398730.0
2019.09.25,13650.0,200.0,13800.0,14050.0,13600.0,1781915.0
2019.09.26,13750.0,100.0,13700.0,13850.0,13650.0,887033.0
2019.09.27,13550.0,200.0,13750.0,13800.0,13500.0,752875.0
2019.09.30,13650.0,100.0,13550.0,13700.0,13450.0,974958.0
2019.10.01,13650.0,0.0,13600.0,13750.0,13500.0,774292.0
2019.10.02,13500.0,150.0,13700.0,13950.0,13450.0,1448992.0
2019.10.04,13500.0,0.0,13550.0,13650.0,13400.0,794518.0
2019.10.07,13350.0,150.0,13550.0,13550.0,13300.0,721021.0
2019.10.08,13700.0,350.0,13350.0,13750.0,13300.0,979865.0
2019.10.10,13700.0,0.0,13650.0,13800.0,13500.0,1698800.0
2019.10.11,13900.0,200.0,13850.0,14000.0,13800.0,947871.0
2019.10.14,13900.0,0.0,13900.0,14100.0,13900.0,936969.0
2019.10.15,13950.0,50.0,14000.0,14050.0,13900.0,703180.0
2019.10.16,13850.0,100.0,14000.0,14050.0,13850.0,636729.0
2019.10.17,13850.0,0.0,13950.0,13950.0,13800.0,803642.0
2019.10.18,13700.0,150.0,13900.0,13900.0,13700.0,580676.0
2019.10.21,13750.0,50.0,13800.0,13850.0,13750.0,463922.0
2019.10.22,13950.0,200.0,13800.0,14100.0,13800.0,1236040.0
2019.10.23,13800.0,150.0,13950.0,14000.0,13700.0,1026980.0
2019.10.24,13850.0,50.0,13750.0,13950.0,13700.0,797147.0
2019.10.25,13850.0,0.0,13800.0,13900.0,13700.0,847399.0
2019.10.28,13800.0,50.0,13900.0,14000.0,13800.0,375760.0
2019.10.29,13800.0,0.0,13800.0,13950.0,13750.0,852455.0
2019.10.30,13800.0,0.0,13900.0,13950.0,13700.0,747763.0
2019.10.31,13450.0,350.0,13800.0,13850.0,13400.0,1756782.0
2019.11.01,13200.0,250.0,13450.0,13450.0,13200.0,1195691.0
2019.11.04,13200.0,0.0,13300.0,13350.0,13100.0,1504143.0
2019.11.05,13550.0,350.0,13250.0,13650.0,13150.0,1548923.0
2019.11.06,13450.0,100.0,13500.0,13650.0,13450.0,1145331.0
2019.11.07,14100.0,650.0,13450.0,14250.0,13400.0,2956971.0
2019.11.08,13900.0,200.0,14050.0,14200.0,13900.0,1315058.0
2019.11.11,14200.0,300.0,14050.0,14500.0,14050.0,2364661.0
2019.11.12,13950.0,250.0,14150.0,14300.0,13900.0,1133453.0
2019.11.13,13900.0,50.0,13950.0,14000.0,13750.0,1102831.0
2019.11.14,13850.0,50.0,13850.0,13950.0,13700.0,1759354.0
2019.11.15,13950.0,100.0,13850.0,14150.0,13800.0,1135331.0
2019.11.18,13900.0,50.0,14200.0,14200.0,13850.0,1120031.0
2019.11.19,14000.0,100.0,13900.0,14150.0,13850.0,1646685.0
2019.11.20,13950.0,50.0,14000.0,14050.0,13900.0,947976.0
2019.11.21,13950.0,0.0,14000.0,14300.0,13850.0,1531247.0
2019.11.22,14200.0,250.0,14000.0,14200.0,13900.0,1228863.0
2019.11.25,14100.0,100.0,14200.0,14250.0,14050.0,927795.0
2019.11.26,13950.0,150.0,14050.0,14100.0,13800.0,2685236.0
2019.11.27,13750.0,200.0,14000.0,14050.0,13750.0,1228934.0
2019.11.28,13600.0,150.0,13700.0,13750.0,13550.0,1125204.0
2019.11.29,13400.0,200.0,13650.0,13700.0,13250.0,1676478.0
2019.12.02,13600.0,200.0,13400.0,13650.0,13250.0,1406157.0
2019.12.03,13600.0,0.0,13450.0,13700.0,13350.0,1215126.0
2019.12.04,13550.0,50.0,13500.0,13650.0,13350.0,901261.0
2019.12.05,13600.0,50.0,13500.0,13750.0,13500.0,1347147.0
2019.12.06,13850.0,250.0,13600.0,13850.0,13500.0,1538795.0
2019.12.09,13800.0,50.0,13800.0,13950.0,13700.0,1020992.0
2019.12.10,13750.0,50.0,13800.0,13850.0,13700.0,811652.0
2019.12.11,13700.0,50.0,13750.0,13800.0,13550.0,1368274.0
2019.12.12,13900.0,200.0,13750.0,13900.0,13700.0,2788118.0
2019.12.13,13900.0,0.0,13950.0,14000.0,13800.0,1380951.0
2019.12.16,14200.0,300.0,14050.0,14300.0,14050.0,1556509.0
2019.12.17,14200.0,0.0,14250.0,14350.0,14200.0,1500442.0
2019.12.18,14250.0,50.0,14100.0,14300.0,14100.0,1124621.0
2019.12.19,14400.0,150.0,14200.0,14400.0,14150.0,1394029.0
2019.12.20,14550.0,150.0,14400.0,14550.0,14300.0,1677884.0
2019.12.23,14400.0,150.0,14650.0,14650.0,14400.0,571351.0
2019.12.24,14350.0,50.0,14400.0,14450.0,14250.0,803801.0
2019.12.26,14350.0,0.0,14350.0,14350.0,14200.0,1137343.0
2019.12.27,14100.0,250.0,14150.0,14200.0,14050.0,786903.0
2019.12.30,14200.0,100.0,14150.0,14250.0,14100.0,546401.0
2020.01.02,13850.0,350.0,14200.0,14300.0,13800.0,1398146.0
2020.01.03,13800.0,50.0,13950.0,14150.0,13800.0,1033335.0
2020.01.06,13600.0,200.0,13750.0,13800.0,13550.0,848301.0
2020.01.07,13800.0,200.0,13600.0,13800.0,13600.0,849727.0
2020.01.08,13450.0,350.0,13650.0,13700.0,13300.0,2084062.0
2020.01.09,13300.0,150.0,13500.0,13650.0,13150.0,2440283.0
2020.01.10,13100.0,200.0,13300.0,13300.0,12950.0,1771715.0
2020.01.13,13200.0,100.0,13150.0,13350.0,13050.0,1642843.0
2020.01.14,13150.0,50.0,13200.0,13250.0,13050.0,1725591.0
2020.01.15,13100.0,50.0,13050.0,13150.0,13000.0,1367569.0
2020.01.16,13050.0,50.0,13100.0,13200.0,13000.0,1504312.0
2020.01.17,13500.0,450.0,13200.0,13700.0,13200.0,7588146.0
2020.01.20,13650.0,150.0,13550.0,13850.0,13400.0,4533924.0
2020.01.21,13800.0,150.0,13650.0,13850.0,13500.0,1471782.0
2020.01.22,13800.0,0.0,13800.0,13950.0,13650.0,1580896.0
2020.01.23,13700.0,100.0,13700.0,13750.0,13550.0,1338178.0
2020.01.28,13400.0,300.0,13250.0,13550.0,13250.0,1685137.0
2020.01.29,13550.0,150.0,13350.0,13700.0,13250.0,1678591.0
2020.01.30,13350.0,200.0,13650.0,13750.0,13250.0,1765153.0
2020.01.31,13250.0,100.0,13300.0,13450.0,13200.0,1577697.0
2020.02.03,13050.0,200.0,13100.0,13200.0,12850.0,2295120.0
2020.02.04,13150.0,100.0,13000.0,13250.0,13000.0,1836114.0
2020.02.05,13300.0,150.0,13250.0,13450.0,13150.0,1763157.0
2020.02.06,13500.0,200.0,13400.0,13650.0,13350.0,1896967.0
2020.02.07,13750.0,250.0,13500.0,14050.0,13450.0,3273145.0
2020.02.10,14000.0,250.0,13750.0,14250.0,13600.0,3366430.0
2020.02.11,14100.0,100.0,14150.0,14300.0,13950.0,1690146.0
2020.02.12,14250.0,150.0,14000.0,14400.0,14000.0,2467032.0
2020.02.13,14400.0,150.0,14300.0,14500.0,14200.0,3617690.0
2020.02.14,14400.0,0.0,14300.0,14500.0,14150.0,2382759.0
2020.02.17,14500.0,100.0,14450.0,14550.0,14400.0,1365021.0
2020.02.18,14500.0,0.0,14450.0,14550.0,14300.0,2116752.0
2020.02.19,14500.0,0.0,14600.0,14600.0,14400.0,1403136.0
2020.02.20,14500.0,0.0,14550.0,14650.0,14350.0,1479550.0
2020.02.21,14150.0,350.0,14400.0,14500.0,14100.0,1456830.0
2020.02.24,13850.0,300.0,14050.0,14100.0,13750.0,2556990.0
2020.02.25,13800.0,50.0,13800.0,13900.0,13500.0,2245143.0
2020.02.26,13550.0,250.0,13650.0,13700.0,13150.0,2410786.0
2020.02.27,13550.0,0.0,13450.0,13550.0,13250.0,2245239.0
2020.02.28,13200.0,350.0,13300.0,13350.0,12850.0,11864642.0
2020.03.02,12850.0,350.0,13100.0,13300.0,12800.0,2684398.0
2020.03.03,12800.0,50.0,13050.0,13100.0,12700.0,2561941.0
2020.03.04,13150.0,350.0,12700.0,13150.0,12700.0,2141661.0
2020.03.05,13300.0,150.0,13350.0,13400.0,13050.0,2099305.0
2020.03.06,13300.0,0.0,13100.0,13300.0,13000.0,1786985.0
2020.03.09,13000.0,300.0,13100.0,13100.0,12850.0,1603882.0
2020.03.10,13000.0,0.0,12850.0,13150.0,12800.0,1504926.0
2020.03.11,12850.0,150.0,13000.0,13050.0,12750.0,1367186.0
2020.03.12,12350.0,500.0,12850.0,12850.0,12150.0,2475912.0
2020.03.13,11850.0,500.0,11550.0,12150.0,11100.0,3319611.0
2020.03.16,11500.0,350.0,11900.0,12200.0,11350.0,1665304.0
2020.03.17,11050.0,450.0,10750.0,11300.0,10750.0,1764657.0
2020.03.18,10300.0,750.0,11000.0,11150.0,10200.0,2309109.0
2020.03.19,9430.0,870.0,10200.0,10450.0,9310.0,3128963.0
2020.03.20,9800.0,370.0,9570.0,9880.0,9500.0,2583759.0
2020.03.23,9470.0,330.0,9350.0,9790.0,9210.0,2419664.0
2020.03.24,9850.0,380.0,9580.0,9850.0,9370.0,2870350.0
2020.03.25,10250.0,400.0,10100.0,10300.0,9910.0,3263266.0
2020.03.26,10450.0,200.0,10350.0,10850.0,10200.0,3091020.0
2020.03.27,10450.0,0.0,10850.0,10950.0,10350.0,2793237.0
2020.03.30,10450.0,0.0,10200.0,10550.0,10100.0,2462844.0
2020.03.31,10800.0,350.0,10600.0,10850.0,10500.0,2699633.0
2020.04.01,10550.0,250.0,10700.0,11000.0,10500.0,2266095.0
2020.04.02,11350.0,800.0,10900.0,11550.0,10500.0,3139243.0
2020.04.03,11250.0,100.0,11500.0,11700.0,11000.0,1926154.0
2020.04.06,12250.0,1000.0,11400.0,12300.0,11300.0,3006547.0
2020.04.07,12050.0,200.0,12400.0,12550.0,11800.0,3024409.0
2020.04.08,11950.0,100.0,12050.0,12350.0,11750.0,2024905.0
2020.04.09,12050.0,100.0,12200.0,12250.0,11950.0,1617904.0
2020.04.10,11950.0,100.0,12050.0,12100.0,11800.0,1925549.0
2020.04.13,11650.0,300.0,11950.0,12000.0,11550.0,1882273.0
2020.04.14,12300.0,650.0,11800.0,12300.0,11700.0,1987722.0
2020.04.16,12150.0,150.0,12000.0,12200.0,11800.0,1958525.0
2020.04.17,12150.0,0.0,12350.0,12400.0,12150.0,2162381.0
2020.04.20,12400.0,250.0,12200.0,12700.0,12200.0,2437088.0
2020.04.21,12350.0,50.0,12300.0,12550.0,12100.0,2257924.0
2020.04.22,12650.0,300.0,12300.0,12950.0,12200.0,3430791.0
2020.04.23,12950.0,300.0,12700.0,13150.0,12700.0,2088963.0
2020.04.24,12750.0,200.0,12950.0,13050.0,12700.0,1606398.0
2020.04.27,13200.0,450.0,12850.0,13300.0,12700.0,1433740.0
2020.04.28,13050.0,150.0,13100.0,13300.0,12950.0,1600645.0
2020.04.29,13350.0,300.0,13100.0,13350.0,13050.0,1690838.0
2020.05.04,12750.0,600.0,13100.0,13200.0,12750.0,2183559.0
2020.05.06,12700.0,50.0,12850.0,12950.0,12550.0,1989007.0
2020.05.07,13100.0,400.0,12700.0,13250.0,12550.0,2387208.0
2020.05.08,13100.0,0.0,13200.0,13600.0,13100.0,2211679.0
2020.05.11,13450.0,350.0,13150.0,13600.0,13150.0,2446433.0
2020.05.12,13850.0,400.0,13450.0,14100.0,13450.0,3398007.0
2020.05.13,14200.0,350.0,13900.0,14250.0,13850.0,1853301.0
2020.05.14,14000.0,200.0,14250.0,14250.0,13850.0,2082929.0
2020.05.15,13850.0,150.0,14050.0,14100.0,13750.0,1694826.0
2020.05.18,13650.0,200.0,13900.0,14050.0,13500.0,2467603.0
2020.05.19,13600.0,50.0,13750.0,13850.0,13500.0,1985962.0
2020.05.20,13550.0,50.0,13600.0,13750.0,13450.0,2072518.0
2020.05.21,13350.0,200.0,13650.0,13650.0,13250.0,2716514.0
2020.05.22,13150.0,200.0,13300.0,13450.0,13050.0,1930122.0
2020.05.25,13250.0,100.0,13300.0,13450.0,13150.0,1560940.0
2020.05.26,13300.0,50.0,13300.0,13300.0,13100.0,1894666.0
2020.05.27,13150.0,150.0,13250.0,13350.0,13050.0,2148099.0
2020.05.28,13000.0,150.0,13100.0,13150.0,12900.0,2238184.0
2020.05.29,13150.0,150.0,12950.0,13150.0,12850.0,2933185.0
2020.06.01,13300.0,150.0,13050.0,13300.0,13050.0,1440692.0
2020.06.02,13250.0,50.0,13250.0,13350.0,13150.0,1425630.0
2020.06.03,13300.0,50.0,13300.0,13500.0,13250.0,2803512.0
2020.06.04,13350.0,50.0,13400.0,13450.0,13200.0,1685603.0
2020.06.05,13300.0,50.0,13300.0,13350.0,13150.0,1923446.0
2020.06.08,13150.0,150.0,13450.0,13450.0,13100.0,1747761.0
2020.06.09,13100.0,50.0,13200.0,13350.0,13050.0,2013552.0
2020.06.10,13050.0,50.0,13200.0,13250.0,13050.0,1705628.0
2020.06.11,12750.0,300.0,13050.0,13100.0,12700.0,2635329.0
2020.06.12,12600.0,150.0,12350.0,12600.0,12300.0,1999748.0
2020.06.15,12000.0,600.0,12450.0,12500.0,11950.0,1977159.0
2020.06.16,12350.0,350.0,12100.0,12500.0,12100.0,1980614.0
2020.06.17,12200.0,150.0,12250.0,12400.0,12150.0,2144459.0
2020.06.18,12200.0,0.0,12150.0,12300.0,12100.0,1344656.0
2020.06.19,12300.0,100.0,12300.0,12400.0,12150.0,2113493.0
2020.06.22,12350.0,50.0,12250.0,12600.0,12200.0,2019433.0
2020.06.23,12200.0,150.0,12450.0,12500.0,12200.0,1908134.0
2020.06.24,12250.0,50.0,12250.0,12350.0,12200.0,1478811.0
2020.06.25,11900.0,350.0,12200.0,12250.0,11900.0,1630024.0
2020.06.26,12350.0,450.0,12000.0,12700.0,11900.0,4173974.0
2020.06.29,12100.0,250.0,12200.0,12300.0,11900.0,2251952.0
2020.06.30,12200.0,100.0,12200.0,12350.0,12100.0,2253428.0
2020.07.01,12050.0,150.0,12250.0,12450.0,12000.0,3242915.0
2020.07.02,12450.0,400.0,12150.0,12500.0,12100.0,3398220.0
2020.07.03,12300.0,150.0,12400.0,12500.0,12250.0,1405154.0
2020.07.06,12500.0,200.0,12300.0,12500.0,12250.0,1057418.0
2020.07.07,12500.0,0.0,12550.0,12700.0,12400.0,2011341.0
2020.07.08,12350.0,150.0,12400.0,12550.0,12300.0,1623165.0
2020.07.09,12150.0,200.0,12350.0,12400.0,12150.0,2397548.0
2020.07.10,11950.0,200.0,12100.0,12150.0,11900.0,1519687.0
2020.07.13,12050.0,100.0,12050.0,12100.0,11900.0,1489773.0
2020.07.14,12450.0,400.0,12000.0,12500.0,11950.0,2621526.0
2020.07.15,12300.0,150.0,12500.0,12600.0,12200.0,2245097.0
2020.07.16,12250.0,50.0,12300.0,12400.0,12150.0,1288427.0
2020.07.17,12250.0,0.0,12350.0,12450.0,12200.0,1109292.0
2020.07.20,12300.0,50.0,12250.0,12350.0,12050.0,1816233.0
2020.07.21,12150.0,150.0,12250.0,12250.0,12100.0,1886996.0
2020.07.22,12100.0,50.0,12200.0,12200.0,12100.0,1089688.0
2020.07.23,11600.0,500.0,11750.0,11800.0,11400.0,6049921.0
2020.07.24,11300.0,300.0,11400.0,11450.0,11200.0,3698843.0
2020.07.27,11400.0,100.0,11300.0,11600.0,11250.0,1535081.0
2020.07.28,11600.0,200.0,11300.0,11650.0,11300.0,2006886.0
2020.07.29,11750.0,150.0,11500.0,11800.0,11450.0,1698111.0
