자치구,전체,남자,여자,외국인,65세이상고령자
합계,10013781,4874995,5138786,280126,1518239
종로구,161984,78271,83713,10767,28073
중구,136469,66769,69700,10294,23794
용산구,246165,119961,126204,16586,39439
성동구,307193,149891,157302,8151,44728
광진구,365990,176226,189764,15573,48989
동대문구,362793,178202,184591,16637,60367
중랑구,400678,198122,202556,5059,66764
성북구,454532,218561,235971,12038,72172
강북구,316750,154141,162609,3765,61660
도봉구,333495,162774,170721,2257,60023
노원구,535495,258696,276799,4458,82682
은평구,482509,231953,250556,4490,82245
서대문구,325875,154502,171373,13233,53038
마포구,386086,181204,204882,11516,53283
양천구,460532,226109,234423,4193,62761
강서구,595703,288134,307569,6401,85992
구로구,438308,218970,219338,32471,67432
금천구,251370,128643,122727,18787,38508
영등포구,404766,202617,202149,32863,59373
동작구,407802,196943,210859,12788,63378
관악구,516662,258982,257680,17288,76664
서초구,434801,207877,226924,4233,58332
강남구,549898,263163,286735,5094,72602
송파구,680883,329058,351825,6788,89539
강동구,457042,225226,231816,4396,66401
