태서연;54;72;60;78
박서윤;62;78;16;81
정지우;66;72;32;74
정서현;56;80;67;85
박민서;64;92;11;66
이하은;85;35;71;90
정하윤;51;26;36;63
박윤서;77;84;32;93
정지민;73;28;66;70
박지유;51;34;55;63
김채원;77;72;29;75
김지윤;78;27;41;67
박은서;61;52;38;65
김수아;51;32;26;91
정다은;59;50;63;71
박예은;73;29;78;99
태수빈;51;34;44;76
이지아;53;32;56;70
정소율;55;54;28;94
정예원;65;74;75;99
김예린;94;93;72;81
이지원;61;41;32;100
태소윤;87;23;86;97
이지안;53;38;57;66
태유진;81;68;83;66
박시은;84;94;56;63
정하린;86;29;32;78
정채은;93;47;44;93
정가은;76;34;12;60
김윤아;79;31;75;79
정서영;54;52;32;62
정유나;91;25;42;77
정민지;74;55;23;74
김예진;86;27;56;79
박수민;58;59;71;64
이수연;98;81;31;94
태연우;67;76;41;64
태서아;73;27;52;100
박예나;61;67;81;63
태예서;79;68;51;80
정주아;83;95;44;93
김시연;92;95;37;85
태연서;80;35;60;83
태하율;92;98;17;82
박다인;66;54;25;100
박다연;70;73;32;70
김현서;72;68;25;75
김아인;95;52;61;60
박서은;89;83;38;88
태시아;51;91;17;88
정유주;87;72;45;62
이서진;61;73;35;69
정유빈;77;56;82;84
박하연;82;25;28;62
정채윤;54;32;48;92
김서우;88;45;47;83
이서율;81;52;95;81
정수현;51;41;71;95
이지율;87;72;49;77
박아린;58;36;55;92
정나윤;71;94;81;70
박예지;57;42;46;95
박다현;66;99;31;72
이민주;76;83;24;70
태지은;98;68;25;92
이나연;77;95;65;99
박소은;79;73;38;86
이시현;81;96;48;72
이윤지;100;80;25;77
박사랑;66;71;72;68
김예빈;79;79;27;98
박지현;65;23;81;89
박소연;56;57;35;66
정나은;99;45;41;90
태서하;57;57;80;78
이혜원;73;91;22;90
이지수;60;24;20;62
태은채;86;23;95;60
정아윤;62;97;31;83
박주하;70;21;22;71
이승아;61;80;45;85
정채아;71;53;82;68
정소민;63;72;33;97
이서희;87;53;81;80
태나현;88;38;46;77
김다윤;77;52;50;92
이민아;98;71;43;68
정채린;52;53;36;90
이하영;94;47;84;78
이세은;62;86;42;90
태도연;89;56;60;99
이규리;82;87;75;92
정아영;86;79;34;81
정세아;92;99;92;92
김지연;69;61;15;76
태예림;96;24;23;85
정가윤;69;36;26;63
정다온;95;73;19;68
이태희;86;54;94;62
이민채;85;97;38;69
