SEND,RECV,APPROVAL,REJECT
4779,5045,4024,755
5103,5055,4196,907
5035,5073,4653,382
4757,4762,4530,227
4639,4664,4425,214
4673,4687,4467,206
4682,4658,4516,166
4578,4604,4392,186
3615,3606,3433,182
4511,4509,4357,154
4498,4507,4358,140
4325,4320,4207,118
4368,4358,4241,127
4446,4444,4320,126
4344,4363,4185,159
4364,4342,4209,155
4192,4211,4071,121
4161,4151,4046,115
4146,4145,4033,113
4135,4128,4030,105
4051,4072,3945,106
4173,4146,4041,132
4121,4139,3997,124
4044,4040,3902,142
4016,4011,3916,100
3927,3936,3807,120
4051,4056,3928,123
3901,3887,3809,92
3829,3824,3739,90
3718,3716,3601,117
4347,4385,4187,160
4438,4416,4260,178
4308,4311,4190,118
4258,4241,4149,109
4206,4223,4110,96
4374,4361,4266,108
4283,4296,4178,105
4238,4243,4146,92
4316,4312,4214,102
4220,4229,4102,118
4190,4186,4068,122
4153,4145,4035,118
4133,4141,4004,129
4025,4008,3903,122
3926,3937,3812,114
4153,4141,4058,95
4084,4096,3985,99
4070,4056,3977,93
3958,3964,3863,95
3945,3944,3831,114
3924,3932,3840,84
3830,3819,3749,81
3879,3888,3788,91
3848,3839,3764,84
3799,3800,3695,104
3750,3759,3665,85
3815,3810,3724,91
3783,3785,3684,99
3677,3677,3586,91
3667,3665,3576,91
3744,3756,3507,237
3801,3790,3689,112
3654,3650,3542,112
3667,3688,3571,96
3568,3556,3481,87
3595,3591,3503,92
3427,3409,3340,87
3497,3523,3411,86
3449,3436,3379,70
3415,3412,3341,74
3511,3518,3432,79
3385,3396,3319,66
3323,3318,3251,72
3237,3240,3161,76
3358,3359,3267,91
3151,3132,3072,79
3089,3095,3002,87
3145,3154,3063,82
3147,3145,3067,80
3176,3170,3067,109
3105,3110,3015,90
3175,3163,3088,87
3049,3063,2957,92
3029,3024,2953,76
3104,3100,3011,93
3066,3078,2974,92
2873,2872,2796,77
3034,3039,2937,97
2971,2961,2884,87
2840,2834,2783,57
2969,2974,2849,120
2998,3046,2881,117
2990,3017,2869,121
2842,2873,2732,110
2805,2849,2680,125
2982,2999,2848,134
2780,2776,2687,93
2810,2812,2720,90
2827,2830,2746,81
2702,2701,2630,72
2777,2775,2711,66
2724,2721,2666,58
2681,2689,2613,68
2613,2613,2529,84
2578,2570,2512,66
2669,2662,2582,87
2624,2623,2550,74
2632,2640,2559,73
2649,2653,2580,69
2488,2490,2415,73
2545,2548,2472,73
2525,2529,2449,76
2512,2506,2454,58
2479,2476,2414,65
2520,2538,2457,63
2457,2445,2376,81
2410,2412,2349,61
2559,2555,2501,58
2422,2420,2360,62
2410,2408,2340,70
2113,2113,2058,55
2086,2086,2010,76
1927,1929,1858,69
1956,1957,1900,56
1955,1959,1887,68
1959,1943,1877,82
1865,1876,1798,67
1887,1891,1816,71
1955,1948,1892,63
1818,1812,1750,68
1893,1900,1817,76
1939,1938,1879,60
1773,1775,1715,58
1802,1815,1722,80
1873,1865,1791,82
1721,1720,1670,51
1789,1781,1736,53
1779,1782,1718,61
1694,1702,1641,53
1841,1840,1785,56
1747,1736,1688,59
1708,1711,1649,59
1749,1754,1697,52
1602,1602,1542,60
1648,1646,1598,50
1652,1654,1602,50
1598,1597,1546,52
1614,1610,1561,53
1564,1565,1522,42
1592,1591,1541,51
1602,1599,1542,60
1582,1588,1515,67
1535,1535,1479,56
1639,1640,1577,62
1541,1533,1490,51
1506,1521,1449,57
1426,1415,1357,69
1597,1598,1525,72
1394,1407,1349,45
1530,1523,1474,56
1496,1495,1450,46
1490,1490,1450,40
1507,1509,1465,42
1431,1426,1364,67
1513,1527,1438,75
1453,1449,1393,60
1427,1421,1381,46
1385,1380,1340,45
1350,1357,1285,65
1375,1373,1311,64
1331,1326,1291,40
1345,1346,1299,46
1288,1297,1245,43
1289,1282,1237,52
1298,1297,1254,44
1272,1276,1227,45
1251,1248,1210,41
1218,1214,1162,56
1219,1225,1174,45
1277,1279,1222,55
1228,1238,1161,67
1233,1222,1175,58
1251,1248,1199,52
1230,1235,1177,53
1175,1171,1138,37
1175,1172,1127,48
1232,1233,1185,47
1272,1272,1215,57
1141,1145,1110,31
1154,1149,1101,53
1187,1199,1142,45
1171,1161,1132,39
1147,1145,1101,46
1079,1082,1035,44
1158,1158,1123,35
1139,1138,1094,45
1112,1115,1077,35
1114,1112,1055,59
1088,1091,1040,48
1127,1124,1089,38
1160,1162,1104,56
1065,1061,1033,32
1067,1070,1036,31
1028,1027,997,31
1044,1048,1009,35
1018,1019,973,45
1103,1101,1062,41
1004,1006,959,45
978,972,947,31
1063,1065,1020,43
1049,1057,1000,49
1035,1023,984,51
998,1006,951,47
1005,1002,975,30
1034,1037,992,42
1027,1016,996,31
900,907,859,41
949,952,911,38
980,976,943,37
936,935,894,42
903,905,847,56
975,976,945,30
938,941,899,39
1005,1007,960,45
919,919,880,39
919,915,890,29
882,884,853,29
916,913,861,55
875,876,836,39
870,871,835,35
848,846,821,27
835,836,810,25
867,867,839,28
917,916,876,41
877,878,834,43
921,922,888,33
883,888,825,58
848,840,817,31
855,852,818,37
842,846,812,30
836,844,780,56
859,863,787,72
827,829,764,63
827,827,746,81
843,842,783,60
822,832,769,53
788,780,714,74
904,898,853,51
857,858,780,77
860,865,804,56
833,828,772,61
786,791,729,57
820,821,760,60
836,833,762,74
868,869,800,68
823,820,762,61
862,866,804,58
816,819,751,65
870,868,796,74
799,797,737,62
841,841,763,78
892,894,843,49
858,856,780,78
832,833,766,66
813,810,752,61
804,804,747,57
852,852,775,77
805,808,736,69
831,824,770,61
833,836,790,43
845,846,767,78
815,821,751,64
856,851,787,69
831,831,751,80
793,794,726,67
769,769,721,48
829,824,759,70
852,851,792,60
769,770,715,54
841,850,754,87
815,806,749,66
781,788,723,58
799,801,743,56
849,846,776,73
815,817,753,62
838,839,777,61
827,823,785,42
857,859,783,74
815,820,760,55
810,808,778,32
862,863,819,43
818,818,782,36
853,860,834,19
891,879,858,33
862,869,825,37
857,855,817,40
846,849,806,40
895,887,862,33
803,805,766,37
837,837,812,25
879,885,836,43
861,863,824,37
913,913,871,42
901,898,882,19
897,893,878,19
950,951,919,31
874,876,847,27
881,881,856,25
952,951,917,35
943,948,908,35
962,959,928,34
925,924,909,16
945,946,914,31
964,970,933,31
968,963,928,40
983,981,960,23
1001,1001,961,40
1002,996,968,34
977,983,946,31
979,982,945,34
1038,1035,997,41
1011,1010,963,48
1075,1076,1030,45
1055,1057,1012,43
1000,999,969,31
1098,1097,1070,28
1087,1087,1040,47
1047,1046,1011,36
1085,1085,1049,36
1147,1154,1120,27
1125,1121,1087,38
1099,1098,1063,36
1152,1155,1102,50
1094,1096,1055,39
1181,1175,1142,39
1113,1117,1089,24
1178,1170,1151,27
1161,1163,1126,35
1128,1132,1080,48
1177,1178,1125,52
1191,1192,1165,26
1207,1206,1170,37
1228,1225,1198,30
1193,1202,1160,33
1256,1255,1207,49
1296,1298,1256,40
1328,1330,1284,44
1351,1343,1314,37
1335,1338,1307,28
1298,1309,1262,36
1359,1352,1308,51
1397,1395,1367,30
1435,1432,1397,38
1416,1417,1374,42
1395,1396,1347,48
1492,1506,1448,44
1379,1371,1332,47
1531,1525,1489,42
1496,1499,1453,43
1465,1468,1431,34
1548,1547,1505,43
1612,1610,1565,47
1532,1536,1484,48
1622,1630,1583,39
1643,1633,1605,38
1658,1657,1622,36
1622,1627,1566,56
1800,1795,1763,37
1652,1657,1613,39
1834,1827,1775,59
1816,1823,1784,32
1868,1860,1809,59
1778,1780,1744,34
1800,1805,1769,31
1781,1780,1736,45
1948,1954,1904,44
1953,1951,1905,48
1996,1988,1944,52
2070,2082,2031,39
1976,1971,1931,45
2027,2019,1976,51
2151,2152,2105,46
2123,2126,2085,38
2243,2240,2167,76
2210,2214,2160,50
2260,2266,2206,54
2167,2165,2110,57
2240,2237,2188,52
2275,2280,2230,45
2404,2404,2356,48
2416,2424,2351,65
2389,2378,2325,64
2366,2370,2296,70
2517,2512,2468,49
2587,2595,2539,48
2539,2535,2483,56
2543,2550,2502,41
2614,2622,2578,36
2562,2557,2498,64
2642,2643,2595,47
2598,2591,2552,46
2658,2674,2605,53
2766,2749,2729,37
2688,2693,2651,37
2852,2841,2801,51
2763,2785,2705,58
2854,2835,2810,44
2796,2809,2757,39
2916,2910,2864,52
2882,2884,2828,54
3054,3052,2985,69
3020,3029,2961,59
3063,3068,3008,55
3133,3129,3062,71
3121,3120,3060,61
3129,3124,3050,79
3223,3219,3137,86
3166,3172,3111,55
3239,3242,3186,53
3229,3229,3171,58
3367,3370,3288,79
3370,3365,3289,81
3331,3348,3255,76
3506,3492,3429,77
3404,3412,3333,71
3597,3593,3521,76
3672,3675,3585,87
3744,3745,3663,81
3785,3781,3693,92
3585,3587,3512,73
3873,3879,3787,86
3817,3814,3748,69
3895,3901,3842,53
4021,4022,3948,73
4038,4028,3964,74
4085,4094,4025,60
4020,4014,3936,84
4147,4141,4093,54
4076,4074,4008,68
4174,4174,4102,72
4250,4267,4176,74
4281,4278,4195,86
4313,4303,4234,79
4234,4241,4150,84
4380,4389,4299,81
4444,4446,4366,78
4497,4486,4393,104
4574,4572,4483,91
4639,4640,4557,82
4654,4657,4582,72
4753,4755,4646,107
4754,4751,4666,88
4800,4796,4690,110
4761,4775,4692,69
4959,4965,4862,97
4850,4834,4764,86
4999,5014,4918,81
4996,4973,4901,95
4963,4988,4869,94
5067,5044,4995,72
5058,5064,4973,85
5089,5095,5009,80
5255,5258,5133,122
5192,5185,5099,93
5258,5268,5153,105
5158,5149,5051,107
5331,5334,5198,133
5300,5301,5173,127
5445,5450,5325,120
5324,5316,5212,112
5502,5520,5376,126
5492,5479,5372,120
5410,5413,5301,109
5571,5573,5444,127
5548,5544,5434,114
5692,5710,5577,115
5701,5686,5576,125
5719,5733,5601,118
5665,5670,5537,128
5783,5769,5635,148
6508,6518,5796,712
6551,6548,5967,584
6508,6519,5945,563
6462,6462,5877,585
6527,6524,5954,573
6582,6573,6002,580
6915,6921,6223,692
6892,6893,6254,638
6721,6715,6361,360
6582,6568,6240,342
6614,6634,6277,337
6704,6704,6379,325
6610,6623,6326,284
6774,6760,6525,249
6823,6802,6603,220
6684,6712,6521,163
6817,6800,6665,152
6701,6711,6544,157
6710,6704,6568,142
6723,6733,6622,101
7014,7018,6853,161
6863,6861,6720,143
6983,6973,6860,123
7001,7010,6863,138
7104,7099,6943,161
6987,6997,6852,135
7092,7104,6950,142
7267,7242,7130,137
7350,7361,7206,144
7436,7452,7291,145
7302,7288,7141,161
7474,7493,7291,183
7726,7717,7549,177
7737,7742,7595,142
7707,7695,7548,159
8061,8054,7861,200
8088,8102,7904,184
8019,8021,7837,182
8195,8196,7994,201
8333,8327,8164,169
8284,8284,8103,181
8364,8374,8205,159
8333,8333,8177,156
8366,8354,8185,181
8554,8560,8404,150
8687,8698,8544,143
8727,8717,8547,180
8663,8674,8505,158
8633,8629,8500,133
8801,8797,8636,165
8732,8744,8558,174
8682,8688,8519,163
8698,8683,8546,152
8710,8708,8549,161
8695,8713,8550,145
8651,8633,8503,148
8509,8505,8358,151
8556,8579,8382,174
8447,8419,8289,158
8436,8440,8258,178
8650,8670,8191,459
8953,8947,8338,615
8985,9011,8494,491
8657,8643,8248,409
8618,8604,8320,298
8878,8875,8648,230
8825,8829,8571,254
8899,8899,8633,266
8848,8844,8648,200
8908,8939,8690,218
9242,9213,9011,231
9244,9240,9023,221
9430,9436,9203,227
9423,9438,9214,209
9420,9414,9250,170
9325,9342,9152,173
9422,9408,9242,180
9390,9401,9199,191
9646,9644,9422,224
9447,9430,9240,207
9849,9842,9606,243
9702,9700,9434,268
9740,9755,9506,234
9688,9678,9504,184
9508,9516,9324,184
9715,9706,9542,173
9677,9709,9488,189
9707,9669,9530,177
9815,9821,9608,207
9895,9916,9700,195
9858,9835,9603,255
9819,9822,9610,209
10178,10193,9937,241
9990,9978,9773,217
10119,10143,9926,193
10117,10098,9915,202
9893,9928,9697,196
10023,9982,9847,176
10074,10099,9864,210
10054,10044,9819,235
10470,10456,10264,206
10384,10390,10127,257
10484,10509,10286,198
10521,10517,10288,233
10746,10732,10517,229
10689,10697,10459,230
10537,10533,10291,246
10811,10794,10576,235
10618,10614,10414,204
10694,10708,10495,199
10806,10839,10593,213
10841,10812,10635,206
11121,11140,10916,205
10896,10883,10699,197
11223,11233,11030,193
10906,10910,10693,213
11173,11172,10954,219
11095,11106,10887,208
10968,10936,10746,222
11109,11132,10886,223
11145,11135,10834,311
11548,11566,11195,353
11629,11603,11298,331
11370,11398,11065,305
11242,11230,10932,310
11667,11670,11313,354
11610,11651,11317,293
11493,11482,11163,330
11344,11333,10989,355
11278,11286,10936,342
11333,11327,11006,327
11595,11581,11219,376
11476,11513,11112,364
11520,11495,11116,404
11456,11482,11050,406
11743,11717,11251,492
11648,11688,11118,530
11809,11790,11264,545
11926,11907,11400,526
11747,11756,11208,539
12002,12002,11382,620
12043,12084,11430,613
11917,11860,11265,652
12102,12133,11476,626
12201,12193,11591,610
12142,12141,11536,606
12121,12106,11463,658
12017,12039,11402,615
12128,12121,11489,639
11970,11968,11330,640
12087,12108,11437,650
12194,12193,11495,699
11951,11938,11283,668
11804,11793,11343,461
11915,11926,11437,478
11772,11754,11327,445
11821,11834,11353,468
11812,11841,11296,516
12456,12434,11843,613
12294,12310,11573,721
12423,12428,11744,679
12344,12317,11692,652
12163,12179,11576,587
12187,12188,11536,651
12337,12345,11644,693
12265,12253,11746,519
12056,12049,11587,469
12101,12133,11655,446
12098,12054,11690,408
12024,12043,11594,430
12324,12325,11923,401
12401,12380,11948,453
12484,12522,12088,396
12493,12494,12075,418
12406,12413,12003,403
12683,12683,12286,397
12643,12632,12210,433
12756,12752,12307,449
12655,12640,12204,451
12778,12788,12317,461
12867,12867,12419,448
13141,13121,12669,472
13033,13063,12555,478
12941,12934,12485,456
12800,12791,12326,474
12492,12531,12041,451
13046,13024,12568,478
12682,12692,12209,473
12718,12698,12285,433
12582,12590,12129,453
12795,12801,12253,542
12521,12510,11976,545
12661,12694,12088,573
12739,12719,12293,446
12447,12438,12071,376
12671,12683,12320,351
12469,12482,12123,346
12543,12510,12171,372
12701,12719,12320,381
12608,12589,12268,340
12943,12958,12563,380
12901,12913,12516,385
13047,13055,12683,364
13169,13148,12735,434
12928,12944,12548,380
13334,13342,12948,386
13637,13612,13249,388
13458,13491,13098,360
13268,13243,12913,355
13492,13498,13130,362
13810,13810,13424,386
13893,13895,13540,353
13985,14011,13619,366
13852,13840,13527,325
14039,14045,13697,342
14287,14290,13896,391
14337,14329,13988,349
14350,14367,14026,324
14436,14424,14121,315
14214,14213,13889,325
14391,14364,14097,294
14765,14782,14445,320
14679,14674,14359,320
14925,14944,14605,320
15061,15049,14750,311
15295,15320,15004,291
15443,15435,15216,227
15461,15473,15214,247
15851,15849,15613,238
16119,16094,15847,272
16470,16483,16224,246
16442,16458,16174,268
16604,16586,16314,290
16937,16955,16653,284
17804,17802,17500,304
18324,18337,17987,337
18323,18325,18023,300
18710,18751,18388,322
18659,18633,18363,296
18676,18675,18386,290
18730,18754,18427,303
19028,19066,18689,339
19623,19617,19286,337
19930,19942,19518,412
20265,20244,19845,420
20275,20306,19875,400
20425,20423,20073,352
20859,20850,20538,321
20691,20670,20354,337
20856,20907,20562,294
21157,21130,20834,323
20983,20963,20680,303
21079,21047,20746,333
21143,21181,20848,295
20769,20780,20456,313
21571,21554,21233,338
21290,21297,20940,350
21473,21479,21107,366
21770,21759,21444,326
22206,22211,21893,313
22363,22401,22059,304
22588,22568,22248,340
22832,22861,22498,334
22898,22862,22589,309
23327,23316,23004,323
23526,23582,23207,319
23408,23402,23091,317
23794,23806,23483,311
24008,23989,23639,369
23992,24006,23664,328
23973,23981,23672,301
24358,24346,24053,305
24181,24203,23874,307
24520,24492,24148,372
24734,24717,24410,324
24569,24573,24231,338
24859,24911,24565,294
24736,24680,24436,300
24819,24832,24499,320
24501,24525,24178,323
24357,24341,24016,341
24539,24529,24218,321
24247,24225,23905,342
23832,23847,23510,322
23623,23606,23307,316
23744,23780,23414,330
23732,23693,23381,351
23345,23383,22982,363
23244,23199,22908,336
23076,23060,22697,379
22716,22751,22430,286
22653,22672,22367,286
22228,22169,21928,300
22387,22408,22097,290
22029,22048,21736,293
21977,21936,21693,284
22037,22095,21769,268
19466,19392,19213,253
21913,21969,21607,306
21418,21388,21137,281
20971,21006,20680,291
20807,20774,20507,300
20595,20639,20312,283
20736,20670,20425,311
20576,20598,20260,316
20524,20539,20229,295
20191,20213,19931,260
20232,20231,19911,321
20307,20257,20013,294
20055,20097,19775,280
19628,19597,19328,300
19732,19737,19446,286
19365,19390,19072,293
19180,19143,18899,281
18968,18974,18680,288
19062,19060,18750,312
18772,18782,18421,351
18469,18442,18136,333
18727,18739,18389,338
18569,18591,18219,350
18143,18113,17826,317
18192,18217,17908,284
18178,18168,17897,281
17735,17707,17496,239
17752,17772,17498,254
17684,17725,17419,265
17865,17861,17559,306
17880,17837,17586,294
17611,17617,17332,279
17426,17435,17149,277
17342,17352,17058,284
17538,17533,17225,313
17151,17133,16858,293
16873,16887,16582,291
16938,16921,16646,292
17163,17154,16853,310
16978,16984,16672,306
16994,16990,16609,385
16744,16778,16456,288
16674,16650,16333,341
16877,16899,16575,302
16747,16705,16415,332
16353,16360,16048,305
16403,16415,16104,299
16128,16216,15857,271
16392,16310,16118,274
16049,16053,15780,269
15949,15954,15671,278
16124,16101,15868,256
15821,15826,15539,282
15841,15816,15524,317
15970,16008,15636,334
15748,15728,15449,299
15851,15856,15555,296
15832,15860,15516,316
15889,15885,15512,377
15510,15539,15178,332
15374,15367,15134,240
15370,15348,15083,287
15552,15553,15231,321
15629,15610,15296,333
15590,15639,15265,325
15541,15548,15138,403
15477,15440,15131,346
15552,15558,15240,312
15677,15689,15298,379
15424,15405,15137,287
15653,15687,15285,368
15508,15493,15144,364
15301,15308,15043,258
15494,15471,15163,331
15366,15366,15019,347
15505,15514,15203,302
15486,15470,15113,373
15499,15515,15138,361
15547,15554,15220,327
15410,15406,15101,309
15354,15356,15075,279
15403,15388,15059,344
15390,15385,15057,333
15219,15234,14880,339
15160,15150,14867,293
15179,15169,14884,295
15317,15368,14994,323
15227,15178,14896,331
15353,15370,15096,257
15138,15136,14783,355
15155,15167,14897,258
15348,15328,15036,312
15091,15105,14798,293
14939,14935,14596,343
15133,15175,14823,310
15505,15470,15184,321
15239,15243,14951,288
15188,15165,14897,291
15199,15226,14904,295
15169,15158,14891,278
15095,15069,14811,284
15311,15368,15026,285
15213,15191,14932,281
15112,15126,14826,286
15151,15114,14845,306
15205,15243,14884,321
15153,15143,14879,274
15194,15189,14878,316
15045,15055,14780,265
15065,15050,14774,291
15123,15141,14883,240
15138,15115,14907,231
15510,15511,15230,280
15632,15669,15273,359
15474,15447,15173,301
15607,15602,15308,299
15324,15366,15047,277
15549,15525,15269,280
15618,15616,15370,248
15401,15423,15100,301
15711,15674,15388,323
15317,15346,15035,282
15567,15560,15285,282
15313,15311,14999,314
15237,15262,14864,373
15565,15535,15143,422
15562,15564,15179,383
15573,15584,15210,363
15543,15550,15223,320
15596,15556,15261,335
15253,15267,14938,315
15277,15271,14996,281
15205,15210,14902,303
15198,15223,14941,257
15203,15193,14887,316
15422,15430,15148,274
15863,15870,15551,312
15474,15433,15149,325
15332,15359,15018,314
15625,15636,15334,291
15439,15448,15107,332
15095,15050,14793,302
15268,15287,14970,298
15316,15327,15000,316
15377,15370,15032,345
15500,15506,15170,330
15182,15171,14842,340
14979,14979,14661,318
15197,15192,14922,275
14980,14980,14708,272
15016,15051,14707,309
15282,15257,14987,295
15131,15139,14805,326
15042,15025,14752,290
15136,15166,14864,272
15073,15049,14828,245
15413,15410,15155,258
15182,15197,14925,257
15023,15029,14738,285
15329,15310,15066,263
15206,15204,14953,253
15300,15323,15039,261
15308,15309,15054,254
15271,15280,15005,266
15258,15247,14973,285
15225,15214,14982,243
15244,15273,14979,265
15165,15142,14934,231
15280,15268,15041,239
15113,15138,14883,230
15564,15543,15232,332
15186,15200,14837,349
15191,15193,14856,335
15211,15199,14933,278
15284,15288,15005,279
15402,15412,15113,289
15325,15316,15074,251
15229,15216,14926,303
15425,15457,15152,273
15350,15322,15040,310
15552,15579,15244,308
15311,15296,15001,310
15549,15579,15261,288
15509,15505,15162,347
15604,15599,15264,340
15263,15260,14938,325
15548,15535,15228,320
15305,15310,14993,312
15616,15628,15274,342
15640,15630,15352,288
15526,15525,15210,316
15333,15315,15052,281
15413,15408,15143,270
15625,15632,15348,277
15450,15472,15195,255
15717,15701,15415,302
15694,15702,15412,282
15598,15610,15332,266
15524,15504,15248,276
15683,15678,15391,292
15476,15491,15167,309
15275,15281,14963,312
15513,15501,15222,291
15617,15635,15350,267
15615,15620,15352,263
15512,15510,15230,282
15820,15821,15533,287
15522,15542,15249,273
15833,15826,15514,319
15556,15536,15275,281
15484,15487,15193,291
15481,15473,15206,275
15641,15646,15380,261
15513,15499,15203,310
15703,15688,15405,298
15669,15713,15375,294
15763,15746,15438,325
15470,15497,15212,258
15537,15505,15253,284
15670,15684,15383,287
15851,15837,15530,321
15693,15721,15386,307
15744,15733,15461,283
15755,15752,15457,298
15641,15676,15332,309
15783,15770,15486,297
15793,15805,15454,339
15726,15716,15416,310
15974,15963,15694,280
15771,15761,15505,266
15960,15979,15666,294
15959,15949,15630,329
15883,15867,15587,296
15842,15860,15521,321
15818,15795,15486,332
15931,15940,15641,290
16111,16112,15806,305
15773,15774,15489,284
16123,16146,15788,335
16093,16075,15749,344
16105,16101,15788,317
16167,16166,15859,308
16029,16042,15739,290
16438,16442,16104,334
16504,16521,16123,381
16292,16264,15923,369
16418,16446,16090,328
16593,16587,16283,310
16597,16586,16290,307
16388,16387,16087,301
16411,16405,16101,310
16839,16858,16550,289
16396,16394,16104,292
16787,16803,16453,334
16700,16704,16400,300
16544,16502,16244,300
16582,16594,16260,322
16727,16766,16416,311
16693,16665,16320,373
16774,16766,16469,305
16523,16536,16218,305
16270,16251,16001,269
16411,16416,16106,305
16783,16801,16485,298
16700,16701,16346,354
16660,16672,16355,305
16867,16818,16548,319
16788,16810,16477,311
16694,16700,16406,288
16870,16884,16540,330
16834,16824,16518,316
16943,16962,16637,306
16862,16829,16542,320
17063,17067,16686,377
17105,17112,16720,385
17043,17062,16692,351
16944,16935,16575,369
17168,17171,16804,364
17394,17390,17024,370
17376,17416,17009,367
17185,17168,16862,323
17218,17222,16903,315
17238,17221,16912,326
17376,17365,17074,302
17411,17447,17078,333
17345,17330,17032,313
17263,17276,16965,298
16959,16970,16647,312
17109,17087,16787,322
17625,17630,17335,290
17441,17481,17145,296
17711,17694,17401,310
17794,17771,17452,342
17359,17366,17048,311
17197,17198,16891,306
17604,17643,17268,336
17666,17624,17359,307
17735,17753,17426,309
17719,17728,17442,277
17728,17800,17435,293
17774,17750,17442,332
17571,17589,17293,278
17736,17729,17456,280
17830,17868,17495,335
18018,17993,17707,311
17786,17786,17503,283
18015,18036,17713,302
18078,18026,17781,297
17948,17986,17643,305
18259,18288,17952,307
18454,18454,18126,328
18399,18346,18087,312
18517,18560,18195,322
18633,18621,18328,305
18681,18716,18379,302
18611,18591,18268,343
18618,18631,18311,307
18717,18711,18437,280
18662,18642,18355,307
18959,18989,18680,279
18754,18748,18421,333
18937,18960,18611,326
18894,18897,18586,308
18825,18796,18500,325
18708,18718,18393,315
18772,18769,18450,322
18757,18772,18448,309
18726,18719,18341,385
18746,18722,18354,392
18928,18947,18531,397
18865,18888,18452,413
18912,18894,18559,353
18768,18768,18390,378
18713,18705,18385,328
19037,19045,18699,338
19085,19066,18765,320
19050,19104,18665,385
18995,18986,18664,331
18931,18951,18637,294
19088,19073,18768,320
18959,18978,18678,281
19207,19174,18945,262
18833,18855,18583,250
19087,19069,18780,307
18821,18827,18554,267
18994,19007,18685,309
19075,19044,18773,302
18757,18753,18487,270
18960,18994,18657,303
18885,18868,18606,279
18869,18831,18576,293
18995,19022,18750,245
18849,18859,18573,276
18681,18670,18408,273
18703,18699,18442,261
18877,18894,18601,276
18817,18810,18495,322
18914,18944,18669,245
18600,18581,18329,271
18446,18456,18153,293
18793,18789,18478,315
18454,18461,18179,275
18609,18604,18373,236
18788,18777,18500,288
18680,18680,18371,309
18644,18664,18262,382
18601,18625,18218,383
18772,18773,18411,361
18489,18445,18111,378
18587,18597,18240,347
18631,18662,18240,391
18777,18730,18432,345
18577,18598,18299,278
18600,18604,18324,276
18600,18614,18334,266
18666,18656,18374,292
18502,18493,18239,263
18475,18454,18240,235
18453,18469,18199,254
18626,18624,18330,296
18355,18344,18116,239
18201,18203,17912,289
18263,18278,17991,272
18323,18326,18033,290
18566,18551,18290,276
18210,18203,17939,271
18076,18065,17801,275
18004,18014,17734,270
18052,18073,17790,262
17890,17874,17647,243
18120,18134,17844,276
17847,17846,17588,259
18034,18028,17771,263
18240,18243,17996,244
17984,18002,17716,268
18085,18054,17820,265
18085,18081,17802,283
17773,17784,17510,263
18043,18031,17768,275
17829,17830,17572,257
17730,17730,17480,250
17732,17747,17438,294
17646,17640,17386,260
17624,17608,17359,265
17464,17468,17184,280
17613,17665,17342,271
17348,17325,17088,260
17794,17765,17555,239
17426,17424,17143,283
17090,17104,16839,251
17357,17348,17112,245
17220,17238,16940,280
17262,17245,17021,241
17509,17519,17244,265
17277,17285,16998,279
17542,17536,17237,305
17204,17175,16954,250
17104,17117,16830,274
17248,17276,16990,258
17320,17290,17094,226
17256,17239,16989,267
17055,17084,16800,255
17068,17050,16845,223
17011,17024,16750,261
17004,17033,16742,262
16570,16535,16307,263
16371,16373,16126,245
16460,16457,16234,226
16500,16475,16274,226
16635,16695,16376,259
16698,16661,16436,262
16533,16522,16278,255
16427,16433,16151,276
16500,16498,16189,311
16520,16536,16278,242
16620,16608,16345,275
16543,16534,16291,252
16257,16277,16012,245
16301,16311,16042,259
16298,16316,16026,272
16222,16194,15980,242
16256,16271,16008,248
16222,16205,15972,250
16142,16155,15911,231
16014,16001,15784,230
16006,16005,15736,270
16043,16051,15797,246
15836,15844,15605,231
16123,16120,15866,257
15719,15725,15450,269
15730,15690,15444,286
16064,16067,15754,310
15875,15900,15661,214
15608,15571,15378,230
15444,15461,15211,233
15658,15671,15477,181
15405,15416,15191,214
15773,15762,15528,245
15491,15470,15260,231
15397,15405,15187,210
15325,15346,15067,258
15527,15487,15331,196
15199,15220,14996,203
15065,15078,14846,219
15190,15185,14958,232
15029,15035,14786,243
15107,15110,14884,223
15012,14992,14818,194
15095,15120,14884,211
14941,14940,14699,242
14720,14708,14538,182
14829,14835,14607,222
14763,14782,14553,210
14887,14856,14703,184
14615,14603,14405,210
14491,14485,14305,186
14446,14470,14227,219
14468,14475,14271,197
14393,14376,14221,172
14433,14416,14238,195
14457,14439,14244,213
14299,14333,14086,213
14058,14057,13847,211
14061,14053,13822,239
14007,13997,13825,182
14113,14131,13903,210
13919,13903,13709,210
13746,13748,13526,220
13705,13710,13490,215
13702,13722,13520,182
13761,13750,13570,191
13823,13823,13622,201
13852,13865,13665,187
13737,13715,13530,207
13559,13565,13365,194
13609,13604,13419,190
13618,13624,13457,161
13368,13360,13202,166
13387,13396,13208,179
13394,13382,13190,204
13243,13268,13055,188
13136,13111,12935,201
13099,13101,12889,210
13136,13147,12982,154
13035,13026,12847,188
13102,13102,12917,185
13171,13168,12987,184
12972,12970,12751,221
12645,12652,12462,183
12676,12693,12508,168
12787,12761,12588,199
12506,12505,12328,178
12577,12585,12418,159
12740,12744,12527,213
12458,12439,12282,176
12341,12347,12124,217
12471,12478,12304,167
12355,12331,12169,186
12235,12266,12082,153
12393,12386,12225,168
11980,11987,11789,191
12308,12295,12101,207
12217,12222,12026,191
11831,11824,11634,197
11971,11974,11783,188
12096,12089,11907,189
11929,11953,11749,180
11917,11885,11745,172
11680,11690,11501,179
11559,11569,11403,156
11535,11534,11355,180
11740,11743,11569,171
11514,11515,11325,189
11520,11507,11345,175
11686,11664,11500,186
11448,11464,11284,164
11204,11194,11023,181
11174,11170,11000,174
11210,11220,11025,185
11311,11326,11120,191
11100,11103,10940,160
11020,11003,10827,193
11033,11031,10839,194
10978,10987,10824,154
11023,11041,10834,189
10852,10827,10665,187
10862,10880,10591,271
10742,10728,10413,329
10631,10621,10349,282
10763,10768,10454,309
10606,10605,10311,295
10704,10694,10460,244
10287,10285,10113,174
10345,10366,10154,191
10305,10283,10138,167
10302,10335,10158,144
10271,10249,10138,133
10081,10089,9921,160
9881,9883,9719,162
9906,9891,9759,147
10048,10053,9911,137
10050,10063,9886,164
9926,9929,9787,139
9847,9841,9695,152
9845,9825,9694,151
9740,9736,9574,166
9506,9518,9347,159
9683,9683,9523,160
9582,9581,9410,172
9417,9422,9243,174
9243,9229,9099,144
9364,9368,9189,175
9250,9254,9086,164
9252,9252,9077,175
9145,9143,8993,152
9135,9137,8993,142
8998,8999,8852,146
9105,9094,8947,158
8987,8993,8831,156
8787,8774,8630,157
8701,8718,8568,133
8551,8543,8387,164
8704,8691,8530,174
8545,8554,8398,147
8578,8568,8426,152
8719,8740,8529,190
8424,8425,8268,156
8490,8468,8364,126
8493,8493,8349,144
8209,8216,8073,136
8250,8229,8090,160
8119,8133,7976,143
8179,8166,8033,146
8145,8168,7993,152
7954,7946,7791,163
8128,8136,7969,159
7941,7942,7813,128
7970,7947,7845,125
7939,7954,7815,124
7660,7651,7544,116
7734,7740,7589,145
7533,7539,7378,155
7597,7584,7470,127
7889,7886,7482,407
7579,7585,7307,272
7602,7612,7314,288
7454,7453,7139,315
7599,7599,7287,312
7590,7592,7258,332
7563,7564,7110,453
7467,7448,6987,480
7139,7151,6971,168
7195,7191,7061,134
7307,7296,7166,141
7145,7164,7021,124
7177,7171,7058,119
7018,7010,6888,130
6910,6927,6789,121
7083,7076,6926,157
6965,6966,6845,120
6746,6756,6632,114
6921,6909,6750,171
6649,6642,6508,141
6617,6619,6492,125
6648,6660,6530,118
6689,6681,6567,122
6415,6422,6304,111
6352,6343,6224,128
6309,6316,6184,125
6376,6375,6235,141
6323,6319,6216,107
6353,6335,6217,136
6217,6234,6102,115
6244,6243,6109,135
6078,6088,5948,130
6200,6194,6059,141
6169,6157,6059,110
6002,6001,5876,126
5984,5997,5864,120
5998,5984,5892,106
5782,5782,5657,125
5799,5797,5690,109
5820,5826,5682,138
5758,5764,5643,115
5887,5880,5751,136
5688,5702,5571,117
5679,5662,5554,125
5731,5730,5614,117
5657,5668,5527,130
5652,5636,5525,127
5421,5436,5311,110
5575,5570,5443,132
5456,5458,5345,111
5519,5520,5380,139
5370,5366,5213,157
5527,5523,5363,164
5302,5312,5154,148
5157,5152,5003,154
5280,5269,5110,170
5202,5210,5056,146
5210,5221,5006,204
5111,5097,4935,176
5202,5199,4940,262
