,전국,전국,전국,서울특별시,서울특별시,서울특별시,부산광역시,부산광역시,부산광역시,대구광역시,대구광역시,대구광역시,인천광역시,인천광역시,인천광역시,광주광역시,광주광역시,광주광역시,대전광역시,대전광역시,대전광역시,울산광역시,울산광역시,울산광역시,세종특별자치시,세종특별자치시,세종특별자치시,경기도,경기도,경기도,강원도,강원도,강원도,충청북도,충청북도,충청북도,충청남도,충청남도,충청남도,전라북도,전라북도,전라북도,전라남도,전라남도,전라남도,경상북도,경상북도,경상북도,경상남도,경상남도,경상남도,제주특별자치도,제주특별자치도,제주특별자치도
,총인구수,남자인구수,여자인구수,총인구수,남자인구수,여자인구수,총인구수,남자인구수,여자인구수,총인구수,남자인구수,여자인구수,총인구수,남자인구수,여자인구수,총인구수,남자인구수,여자인구수,총인구수,남자인구수,여자인구수,총인구수,남자인구수,여자인구수,총인구수,남자인구수,여자인구수,총인구수,남자인구수,여자인구수,총인구수,남자인구수,여자인구수,총인구수,남자인구수,여자인구수,총인구수,남자인구수,여자인구수,총인구수,남자인구수,여자인구수,총인구수,남자인구수,여자인구수,총인구수,남자인구수,여자인구수,총인구수,남자인구수,여자인구수,총인구수,남자인구수,여자인구수
2011.01,50534731,25318961,25215770,10312835,5110837,5201998,3566560,1772383,1794177,2512071,1255238,1256833,2761122,1391674,1369448,1456308,722450,733858,1504617,754111,750506,1127337,579518,547819,0,0,0,11801232,5949477,5851755,1528790,769339,759451,1550474,781774,768700,2076239,1049848,1026391,1868745,931489,937256,1916912,957989,958923,2688586,1350687,1337899,3291435,1656488,1634947,571468,285659,285809
2011.02,50555262,25328299,25226963,10314245,5110818,5203427,3566480,1772175,1794305,2512321,1255200,1257121,2765025,1393626,1371399,1458195,723413,734782,1506136,754883,751253,1127647,579732,547915,0,0,0,11815120,5956364,5858756,1527843,768790,759053,1551621,782255,769366,2077703,1050677,1027026,1868363,931323,937040,1914191,956670,957521,2687178,1349953,1337225,3291281,1656537,1634744,571913,285883,286030
2011.03,50575130,25337290,25237840,10307783,5107011,5200772,3564873,1770952,1793921,2511231,1254360,1256871,2768648,1395330,1373318,1458326,723279,735047,1506995,755385,751610,1128324,580047,548277,0,0,0,11829316,5963948,5865368,1529915,769993,759922,1552707,782832,769875,2081390,1052537,1028853,1868476,931437,937039,1914176,956526,957650,2687521,1350106,1337415,3293002,1657395,1635607,572447,286152,286295
2011.04,50594424,25346019,25248405,10301829,5103919,5197910,3563042,1769903,1793139,2510773,1253859,1256914,2772131,1397050,1375081,1458814,723466,735348,1507751,755648,752103,1129038,580511,548527,0,0,0,11841400,5969703,5871697,1531721,770824,760897,1554195,783592,770603,2083893,1054033,1029860,1868846,931576,937270,1913918,956437,957481,2688469,1350516,1337953,3295686,1658558,1637128,572918,286424,286494
2011.05,50613213,25354703,25258510,10295643,5100399,5195244,3562985,1769690,1793295,2510644,1253685,1256959,2775394,1398584,1376810,1459615,723894,735721,1509032,756290,752742,1129612,580864,548748,0,0,0,11854092,5976420,5877672,1531996,770803,761193,1555169,784080,771089,2086490,1055458,1031032,1869418,931872,937546,1913641,956187,957454,2689130,1350786,1338344,3296893,1659023,1637870,573459,286668,286791
2011.06,50627347,25359936,25267411,10288284,5095751,5192533,3563295,1769758,1793537,2510243,1253367,1256876,2779133,1400372,1378761,1459862,723927,735935,1509963,756814,753149,1130832,581503,549329,0,0,0,11862889,5980594,5882295,1532178,770755,761423,1555952,784476,771476,2088281,1056342,1031939,1870863,932582,938281,1914142,956254,957888,2689904,1351242,1338662,3297769,1659375,1638394,573757,286824,286933
2011.07,50641565,25366218,25275347,10282472,5092201,5190271,3560813,1768334,1792479,2509833,1253156,1256677,2782458,1401993,1380465,1461368,724654,736714,1510468,756963,753505,1131325,581704,549621,0,0,0,11874213,5986390,5887823,1532825,770978,761847,1556984,785015,771969,2090270,1057362,1032908,1871388,932792,938596,1913185,955836,957349,2691181,1352038,1339143,3298607,1659799,1638808,574175,287003,287172
2011.08,50662739,25375626,25287113,10277507,5089493,5188014,3558372,1766803,1791569,2510079,1253113,1256966,2786717,1404018,1382699,1462915,725330,737585,1511531,757313,754218,1131979,582076,549903,0,0,0,11887932,5993230,5894702,1533172,771292,761880,1558289,785630,772659,2092262,1058431,1033831,1872346,933147,939199,1911983,955254,956729,2692036,1352432,1339604,3300895,1660780,1640115,574724,287284,287440
2011.09,50681829,25384115,25297714,10271880,5086210,5185670,3556565,1765847,1790718,2509609,1252693,1256916,2790226,1405707,1384519,1463432,725523,737909,1512557,757790,754767,1132910,582522,550388,0,0,0,11898590,5998445,5900145,1533638,771586,762052,1559572,786171,773401,2094358,1059573,1034785,1873956,933946,940010,1912151,955371,956780,2693707,1353220,1340487,3303549,1661962,1641587,575129,287549,287580
2011.10,50699478,25391900,25307578,10266174,5082622,5183552,3554635,1764716,1789919,2509297,1252400,1256897,2794493,1407756,1386737,1464073,725810,738263,1513877,758386,755491,1134125,583149,550976,0,0,0,11908014,6002872,5905142,1534555,772081,762474,1560895,786962,773933,2096445,1060628,1035817,1874058,934102,939956,1912509,955527,956982,2695145,1353957,1341188,3305621,1663115,1642506,575562,287817,287745
2011.11,50717719,25399757,25317962,10257741,5078105,5179636,3553997,1764401,1789596,2508935,1252236,1256699,2798762,1409803,1388959,1464516,726106,738410,1514979,758911,756068,1134904,583556,551348,0,0,0,11920340,6007716,5912624,1535771,772888,762883,1562374,787715,774659,2098469,1061693,1036776,1874181,934135,940046,1913002,955921,957081,2696596,1354595,1342001,3307201,1663978,1643223,575951,287998,287953
2011.12,50734284,25406934,25327350,10249679,5073899,5175780,3550963,1762848,1788115,2507271,1251577,1255694,2801274,1410980,1390294,1463464,725606,737858,1515603,759188,756415,1135494,583825,551669,0,0,0,11937415,6015357,5922058,1536448,773278,763170,1562903,787981,774922,2101284,1063012,1038272,1874031,934002,940029,1914339,956747,957592,2699195,1355727,1343468,3308765,1664755,1644010,576156,288152,288004
2012.01,50750837,25414026,25336811,10250134,5073567,5176567,3549501,1762043,1787458,2508370,1251881,1256489,2804287,1412355,1391932,1465313,726529,738784,1517299,759905,757394,1136464,584309,552155,0,0,0,11948596,6020446,5928150,1535335,772718,762617,1563023,788127,774896,2103129,1064012,1039117,1873491,933775,939716,1912725,956024,956701,2697104,1354649,1342455,3309559,1665308,1644251,576507,288378,288129
2012.02,50767313,25421655,25345658,10251297,5073607,5177690,3548640,1761464,1787176,2508563,1251815,1256748,2808286,1414357,1393929,1466516,727092,739424,1518651,760544,758107,1136948,584696,552252,0,0,0,11961481,6026826,5934655,1534310,772155,762155,1563091,788129,774962,2106223,1065693,1040530,1872933,933597,939336,1910664,954855,955809,2694794,1353574,1341220,3307822,1664550,1643272,577094,288701,288393
2012.03,50783029,25429184,25353845,10245782,5070498,5175284,3547141,1760266,1786875,2507586,1251107,1256479,2811410,1415761,1395649,1466810,727255,739555,1519490,761177,758313,1137918,585316,552602,0,0,0,11972408,6032275,5940133,1536525,773580,762945,1564283,788684,775599,2108537,1066888,1041649,1873678,933948,939730,1910746,955003,955743,2694822,1353601,1341221,3308081,1664719,1643362,577812,289106,288706
2012.04,50801531,25437643,25363888,10241387,5068038,5173349,3545806,1759456,1786350,2507310,1250813,1256497,2815158,1417617,1397541,1466676,727206,739470,1520628,761742,758886,1139628,586133,553495,0,0,0,11984985,6038558,5946427,1537096,773835,763261,1565389,789237,776152,2110896,1068221,1042675,1873333,933695,939638,1910533,954881,955652,2694944,1353626,1341318,3309325,1665176,1644149,578437,289409,289028
2012.05,50819380,25445721,25373659,10237054,5065291,5171763,3543688,1758013,1785675,2507022,1250583,1256439,2818348,1419119,1399229,1466464,727060,739404,1521659,762228,759431,1140673,586803,553870,0,0,0,11998173,6045184,5952989,1537673,774212,763461,1566183,789629,776554,2112849,1069277,1043572,1873141,933565,939576,1910689,954893,955796,2694930,1353648,1341282,3311574,1666383,1645191,579260,289833,289427
2012.06,50832898,25452027,25380871,10232281,5062494,5169787,3542239,1757050,1785189,2506977,1250491,1256486,2820994,1420391,1400603,1466388,727057,739331,1522595,762685,759910,1140954,587128,553826,0,0,0,12009150,6050717,5958433,1537750,774162,763588,1566992,790061,776931,2114599,1070155,1044444,1873093,933572,939521,1910707,954909,955798,2695113,1353724,1341389,3313207,1667237,1645970,579859,290194,289665
2012.07,50851082,25460414,25390668,10227761,5059710,5168051,3542218,1756971,1785247,2506969,1250452,1256517,2824150,1421784,1402366,1467030,727255,739775,1522581,762642,759939,1141483,587424,554059,103127,52624,50503,12021422,6057142,5964280,1538198,774287,763911,1561493,787157,774336,2021776,1022956,998820,1872830,933365,939465,1910298,954667,955631,2695263,1353639,1341624,3313689,1667629,1646060,580794,290710,290084
2012.08,50871606,25469682,25401924,10223243,5057182,5166061,3541431,1756404,1785027,2507715,1250650,1257065,2828342,1423909,1404433,1467979,727763,740216,1522189,762435,759754,1142528,587910,554618,106625,54338,52287,12035714,6064456,5971258,1538136,774161,763975,1562289,787550,774739,2022434,1023386,999048,1872957,933352,939605,1909493,954234,955259,2695008,1353243,1341765,3314183,1667738,1646445,581340,290971,290369
2012.09,50891223,25478622,25412601,10219334,5054851,5164483,3540802,1756003,1784799,2507791,1250552,1257239,2831729,1425557,1406172,1468777,728097,740680,1522880,762885,759995,1143464,588361,555103,108027,55022,53005,12047601,6070096,5977505,1538934,774550,764384,1563323,788058,775265,2023534,1024045,999489,1873134,933400,939734,1909212,954104,955108,2695316,1353486,1341830,3315343,1668268,1647075,582022,291287,290735
2012.10,50912264,25488080,25424184,10212445,5050639,5161806,3540098,1755498,1784600,2507571,1250263,1257308,2836080,1427719,1408361,1469614,728516,741098,1523647,763214,760433,1145096,589212,555884,109823,55913,53910,12060335,6076566,5983769,1538869,774412,764457,1564665,788785,775880,2025274,1024888,1000386,1873353,933374,939979,1908998,954015,954983,2696180,1354012,1342168,3317523,1669395,1648128,582693,291659,291034
2012.11,50930805,25496262,25434543,10205843,5047103,5158740,3539273,1755039,1784234,2507910,1250472,1257438,2840308,1429856,1410452,1470669,729100,741569,1524566,763776,760790,1146555,590055,556500,111191,56596,54595,12071878,6080869,5991009,1539116,774578,764538,1565188,789028,776160,2026849,1025776,1001073,1873561,933418,940143,1908834,953969,954865,2697569,1354791,1342778,3318202,1669863,1648339,583293,291973,291320
2012.12,50948272,25504060,25444212,10195318,5041336,5153982,3538484,1754479,1784005,2505644,1249320,1256324,2843981,1431593,1412388,1469216,728406,740810,1524583,763671,760912,1147256,590424,556832,113117,57633,55484,12093299,6091035,6002264,1538630,774273,764357,1565628,789286,776342,2028777,1026812,1001965,1873341,933386,939955,1909618,954354,955264,2698353,1355294,1343059,3319314,1670545,1648769,583713,292213,291500
2013.01,50965180,25511490,25453690,10195064,5040263,5154801,3538191,1754151,1784040,2504945,1248869,1256076,2846899,1432916,1413983,1470061,728843,741218,1525888,764201,761687,1148130,590953,557177,113911,58074,55837,12107216,6097807,6009409,1537704,773698,764006,1565670,789329,776341,2029769,1027427,1002342,1872500,932953,939547,1907945,953646,954299,2698263,1355427,1342836,3318979,1670527,1648452,584045,292406,291639
2013.02,50991003,25523833,25467170,10196434,5039921,5156513,3539455,1754758,1784697,2505040,1248840,1256200,2850543,1434674,1415869,1470969,729362,741607,1527383,764912,762471,1148713,591328,557385,115269,58788,56481,12123024,6105695,6017329,1536718,773279,763439,1565697,789423,776274,2031839,1028533,1003306,1872311,932775,939536,1907027,953187,953840,2696802,1354904,1341898,3318548,1670391,1648157,585231,293063,292168
2013.03,51003843,25529381,25474462,10192057,5037288,5154769,3538285,1753758,1784527,2504623,1248307,1256316,2853489,1436089,1417400,1470979,729250,741729,1527857,765095,762762,1150215,592072,558143,115955,59136,56819,12133590,6111112,6022478,1538219,774195,764024,1565972,789515,776457,2033019,1029334,1003685,1871818,932551,939267,1906887,953029,953858,2696554,1354666,1341888,3318175,1670416,1647759,586149,293568,292581
2013.04,51018468,25535573,25482895,10185955,5033615,5152340,3537758,1753158,1784600,2504888,1248182,1256706,2856667,1437735,1418932,1471324,729412,741912,1528578,765375,763203,1150708,592401,558307,116345,59322,57023,12144383,6116350,6028033,1539169,774656,764513,1566920,790054,776866,2034946,1030529,1004417,1871979,932581,939398,1906477,952701,953776,2696341,1354501,1341840,3318877,1670878,1647999,587153,294123,293030
2013.05,51034494,25542576,25491918,10181807,5030777,5151030,3536426,1752157,1784269,2505083,1248184,1256899,2859335,1439029,1420306,1471801,729629,742172,1529085,765683,763402,1151340,592753,558587,116842,59592,57250,12156714,6122656,6034058,1539403,774728,764675,1567548,790381,777167,2036661,1031473,1005188,1871592,932389,939203,1906335,952587,953748,2696447,1354424,1342023,3320074,1671631,1648443,588001,294503,293498
2013.06,51047880,25548288,25499592,10176560,5027540,5149020,3534500,1751105,1783395,2503728,1247423,1256305,2861722,1440222,1421500,1471867,729695,742172,1529655,766027,763628,1152039,593096,558943,117012,59661,57351,12167575,6127936,6039639,1539767,774977,764790,1568860,790998,777862,2038322,1032365,1005957,1871545,932383,939162,1906575,952627,953948,2696833,1354594,1342239,3322702,1672886,1649816,588618,294753,293865
2013.07,51064841,25555792,25509049,10172002,5024805,5147197,3532994,1750076,1782918,2503604,1247377,1256227,2864951,1441827,1423124,1472357,729951,742406,1530226,766341,763885,1152765,593504,559261,117369,59837,57532,12181553,6134709,6046844,1540014,775045,764969,1569348,791357,777991,2039668,1032957,1006711,1871570,932396,939174,1906028,952185,953843,2696446,1354496,1341950,3324324,1673629,1650695,589622,295300,294322
2013.08,51081507,25562816,25518691,10168997,5022491,5146506,3531796,1749362,1782434,2503400,1247193,1256207,2867429,1442837,1424592,1472807,730191,742616,1530908,766628,764280,1154208,594221,559987,117939,60134,57805,12193532,6140842,6052690,1540264,775162,765102,1569731,791502,778229,2041263,1033946,1007317,1871498,932366,939132,1905442,951751,953691,2696492,1354361,1342131,3325351,1674101,1651250,590450,295728,294722
2013.09,51098531,25570198,25528333,10166691,5020717,5145974,3531643,1749195,1782448,2503679,1247251,1256428,2870125,1444150,1425975,1473229,730342,742887,1531418,766838,764580,1154382,594307,560075,118273,60315,57958,12203080,6145500,6057580,1540796,775541,765255,1570486,791745,778741,2043056,1034918,1008138,1871726,932457,939269,1905374,951699,953675,2696705,1354402,1342303,3326527,1674641,1651886,591341,296180,295161
2013.10,51115702,25577637,25538065,10162099,5017958,5144141,3530579,1748576,1782003,2503648,1247204,1256444,2873451,1445689,1427762,1473576,730586,742990,1532456,767235,765221,1154956,594585,560371,118745,60573,58172,12211807,6149461,6062346,1541457,775932,765525,1571704,792304,779400,2045203,1036052,1009151,1871776,932338,939438,1905627,951800,953827,2697450,1354764,1342686,3328969,1675958,1653011,592199,296622,295577
2013.11,51127984,25582749,25545235,10154180,5013816,5140364,3529884,1748171,1781713,2503283,1246930,1256353,2876797,1447443,1429354,1473689,730623,743066,1533114,767527,765587,1155867,595076,560791,119309,60841,58468,12219786,6152044,6067742,1542069,776443,765626,1572158,792480,779678,2046550,1036832,1009718,1872370,932629,939741,1906495,952316,954179,2698619,1355462,1343157,3330810,1677018,1653792,593004,297098,295906
2013.12,51141463,25588336,25553127,10143645,5007869,5135776,3527635,1747000,1780635,2501588,1246071,1255517,2879782,1448835,1430947,1472910,730216,742694,1532811,767309,765502,1156480,595319,561161,122153,62205,59948,12234630,6159193,6075437,1542263,776498,765765,1572732,792862,779870,2047631,1037421,1010210,1872965,932894,940071,1907172,952597,954575,2699440,1355951,1343489,3333820,1678592,1655228,593806,297504,296302
2014.01,51156168,25594653,25561515,10143164,5007016,5136148,3526648,1746434,1780214,2501823,1246104,1255719,2882047,1449766,1432281,1473529,730486,743043,1533497,767665,765832,1157199,595781,561418,123802,63011,60791,12245960,6164542,6081418,1540745,775636,765109,1572779,792848,779931,2048438,1037965,1010473,1872297,932564,939733,1906363,952350,954013,2698306,1355429,1342877,3334948,1679136,1655812,594623,297920,296703
2014.02,51171176,25601055,25570121,10144173,5006461,5137712,3527439,1746523,1780916,2500778,1245343,1255435,2884824,1450948,1433876,1473327,730342,742985,1534335,768055,766280,1157627,596084,561543,125944,64021,61923,12256617,6169825,6086792,1539343,774852,764491,1572923,793018,779905,2049750,1038876,1010874,1871267,932045,939222,1905198,951878,953320,2697306,1355173,1342133,3334412,1678953,1655459,595913,298658,297255
2014.03,51185882,25607390,25578492,10141727,5004714,5137013,3525512,1745079,1780433,2500874,1245256,1255618,2886580,1451704,1434876,1472490,729873,742617,1534954,768343,766611,1158245,596505,561740,126857,64507,62350,12266541,6175104,6091437,1541051,775982,765069,1572914,792988,779926,2051940,1040224,1011716,1871139,931828,939311,1905860,952147,953713,2697169,1354872,1342297,3335088,1679110,1655978,596941,299154,297787
2014.04,51202130,25614648,25587482,10137313,5002036,5135277,3523386,1743807,1779579,2499880,1244520,1255360,2889258,1453139,1436119,1471850,729480,742370,1535367,768425,766942,1159234,596923,562311,128200,65181,63019,12276751,6180303,6096448,1541556,776338,765218,1574548,793961,780587,2053837,1041279,1012558,1871174,931638,939536,1907343,952724,954619,2697438,1355071,1342367,3336980,1680180,1656800,598015,299643,298372
2014.05,51218424,25621971,25596453,10133734,4999497,5134237,3521473,1742696,1778777,2498632,1243946,1254686,2891615,1454165,1437450,1473697,730441,743256,1535415,768423,766992,1160275,597474,562801,129669,65909,63760,12286470,6185339,6101131,1541841,776437,765404,1575073,794152,780921,2056156,1042559,1013597,1871333,931651,939682,1906487,952192,954295,2697563,1355055,1342508,3339869,1681722,1658147,599122,300313,298809
2014.06,51233579,25628547,25605032,10129223,4996391,5132832,3521210,1742434,1778776,2498450,1243797,1254653,2892483,1454600,1437883,1474546,730751,743795,1535701,768522,767179,1161019,597879,563140,130708,66427,64281,12300698,6192798,6107900,1541568,776108,765460,1576066,794719,781347,2057178,1043065,1014113,1870844,931333,939511,1905242,951551,953691,2697248,1354925,1342323,3341111,1682351,1658760,600284,300896,299388
2014.07,51250261,25635765,25614496,10125912,4994112,5131800,3520288,1741809,1778479,2497705,1243426,1254279,2894151,1455207,1438944,1475676,731288,744388,1536349,768832,767517,1161538,598236,563302,132016,67017,64999,12313649,6199495,6114154,1541315,775808,765507,1576819,795052,781767,2058114,1043678,1014436,1871456,931568,939888,1904195,951046,953149,2697325,1354761,1342564,3342286,1682935,1659351,601467,301495,299972
2014.08,51266779,25643094,25623685,10124243,4992925,5131318,3520287,1741594,1778693,2496596,1242782,1253814,2895292,1455683,1439609,1476459,731655,744804,1536286,768825,767461,1162316,598642,563674,134631,68319,66312,12324470,6204878,6119592,1541010,775609,765401,1577549,795446,782103,2058652,1043937,1014715,1872056,931863,940193,1903177,950473,952704,2697927,1354995,1342932,3343307,1683447,1659860,602521,302021,300500
2014.09,51284774,25651006,25633768,10122661,4991568,5131093,3520732,1741439,1779293,2491269,1240334,1250935,2897018,1456505,1440513,1477517,732118,745399,1535815,768485,767330,1163048,599060,563988,138136,70037,68099,12334023,6209804,6124219,1541414,775742,765672,1578401,795905,782496,2059085,1044226,1014859,1871931,931792,940139,1902350,950073,952277,2703929,1357549,1346380,3343878,1683818,1660060,603567,302551,301016
2014.10,51302044,25658417,25643627,10117909,4988547,5129362,3525913,1743762,1782151,2492994,1241130,1251864,2899071,1457469,1441602,1477780,732389,745391,1535028,768106,766922,1163690,599456,564234,142686,72294,70392,12342448,6213736,6128712,1542147,775948,766199,1578934,796149,782785,2059871,1044654,1015217,1871747,931654,940093,1902324,949962,952362,2700328,1355885,1344443,3344403,1684093,1660310,604771,303183,301588
2014.11,51314683,25663668,25651015,10112156,4984988,5127168,3522643,1742210,1780433,2493857,1241531,1252326,2900996,1458361,1442635,1478204,732567,745637,1534041,767536,766505,1166229,600845,565384,148151,74983,73168,12348078,6215639,6132439,1542604,776339,766265,1579037,796211,782826,2060971,1045234,1015737,1871725,931702,940023,1902916,950465,952451,2699686,1355600,1344086,3347317,1685563,1661754,606072,303894,302178
2014.12,51327916,25669296,25658620,10103233,4979768,5123465,3519401,1740417,1778984,2493264,1241119,1252145,2902608,1459074,1443534,1475884,731339,744545,1531809,766497,765312,1166377,600904,565473,156125,78862,77263,12357830,6219813,6138017,1544442,778007,766435,1578933,796141,782792,2062273,1045892,1016381,1871560,931536,940024,1905780,951975,953805,2700794,1356182,1344612,3350257,1687114,1663143,607346,304656,302690
2015.01,51342881,25675816,25667065,10104515,4979523,5124992,3517898,1739447,1778451,2492658,1240653,1252005,2904876,1460106,1444770,1476891,731801,745090,1531287,766194,765093,1167232,601448,565784,161716,81538,80178,12366711,6223885,6142826,1543640,777867,765773,1578531,795886,782645,2063050,1046373,1016677,1871018,931297,939721,1904220,951388,952832,2699275,1355546,1343729,3351038,1687712,1663326,608325,305152,303173
2015.02,51360454,25683724,25676730,10105206,4979040,5126166,3517939,1739181,1778758,2492583,1240549,1252034,2906603,1460824,1445779,1477340,731983,745357,1529431,765210,764221,1167385,601671,565714,169762,85432,84330,12376944,6229184,6147760,1542918,777518,765400,1578253,795753,782500,2062924,1046408,1016516,1870728,931158,939570,1903220,950919,952301,2698469,1355236,1343233,3351137,1687916,1663221,609612,305742,303870
2015.03,51378174,25691721,25686453,10100987,4976047,5124940,3515839,1737884,1777955,2491897,1239929,1251968,2908418,1461607,1446811,1477504,732108,745396,1528090,764495,763595,1168692,602343,566349,174920,87996,86924,12392297,6237256,6155041,1543187,777725,765462,1578748,796084,782664,2064229,1047300,1016929,1869966,930629,939337,1902274,950455,951819,2697302,1354636,1342666,3352780,1688743,1664037,611044,306484,304560
2015.04,51395238,25699428,25695810,10094889,4972616,5122273,3515439,1737312,1778127,2491545,1239638,1251907,2910307,1462351,1447956,1477609,732108,745501,1527314,764055,763259,1169433,602802,566631,178656,89856,88800,12405279,6243963,6161316,1543811,778078,765733,1579291,796500,782791,2065609,1048079,1017530,1869900,930512,939388,1902212,950418,951794,2696837,1354216,1342621,3354602,1689642,1664960,612505,307282,305223
2015.05,51413925,25707941,25705984,10088393,4968609,5119784,3515806,1737367,1778439,2491867,1239697,1252170,2912114,1463289,1448825,1477212,731865,745347,1526568,763641,762927,1169658,602919,566739,182028,91535,90493,12418899,6250770,6168129,1545194,778923,766271,1580042,796871,783171,2067096,1048852,1018244,1869965,930503,939462,1902383,950626,951757,2696674,1354095,1342579,3356168,1690433,1665735,613858,307946,305912
2015.06,51431100,25715304,25715796,10078850,4962774,5116076,3517491,1737975,1779516,2491137,1239275,1251862,2914271,1464320,1449951,1476974,731808,745166,1525656,763262,762394,1169768,602945,566823,185212,93058,92154,12432063,6256986,6175077,1547166,780487,766679,1582181,797908,784273,2068444,1049546,1018898,1869668,930224,939444,1902638,950693,951945,2697791,1354618,1343173,3356540,1690798,1665742,615250,308627,306623
2015.07,51448183,25722769,25725414,10071654,4958550,5113104,3518955,1738689,1780266,2490799,1239093,1251706,2916719,1465476,1451243,1476716,731692,745024,1525195,763038,762157,1170232,603148,567084,189478,95131,94347,12444924,6263282,6181642,1547737,780890,766847,1581840,797741,784099,2069109,1049886,1019223,1869354,929977,939377,1903046,950924,952122,2698899,1355087,1343812,3356488,1690690,1665798,617038,309475,307563
2015.08,51465228,25730212,25735016,10063197,4953797,5109400,3517907,1738010,1779897,2490621,1238966,1251655,2918982,1466588,1452394,1476152,731412,744740,1524025,762347,761678,1170640,603331,567309,194173,97435,96738,12460604,6271034,6189570,1547646,780655,766991,1581792,797758,784034,2071333,1051093,1020240,1869025,929786,939239,1903609,951080,952529,2699955,1355736,1344219,3357120,1690969,1666151,618447,310215,308232
2015.09,51482816,25738014,25744802,10055027,4949180,5105847,3516704,1737350,1779354,2490584,1238902,1251682,2920938,1467490,1453448,1475590,731096,744494,1523338,761961,761377,1170980,603516,567464,197964,99317,98647,12475565,6278190,6197375,1548082,780890,767192,1582080,797971,784109,2072314,1051681,1020633,1869255,929975,939280,1904402,951404,952998,2700461,1355977,1344484,3359523,1692102,1667421,620009,311012,308997
2015.10,51500986,25746132,25754854,10045027,4943565,5101462,3515689,1736778,1778911,2489847,1238374,1251473,2923030,1468473,1454557,1474603,730729,743874,1522288,761366,760922,1173050,604638,568412,202214,101444,100770,12491080,6285999,6205081,1549221,781383,767838,1582656,798230,784426,2073340,1052186,1021154,1869297,929906,939391,1905616,951942,953674,2700878,1356202,1344676,3361489,1693050,1668439,621661,311867,309794
2015.11,51515399,25752345,25763054,10035597,4938482,5097115,3514842,1736279,1778563,2489339,1238044,1251295,2924578,1469254,1455324,1474910,730814,744096,1521142,760818,760324,1174051,605128,568923,206044,103384,102660,12504790,6291542,6213248,1549178,781285,767893,1583053,798498,784555,2074956,1053086,1021870,1869654,930163,939491,1905373,952039,953334,2702186,1356986,1345200,3362754,1693925,1668829,622952,312618,310334
2015.12,51529338,25758186,25771152,10022181,4930943,5091238,3513777,1735570,1778207,2487829,1237291,1250538,2925815,1469869,1455946,1472199,729662,742537,1518775,759778,758997,1173534,604889,568645,210884,105752,105132,12522606,6299812,6222794,1549507,781434,768073,1583952,798896,785056,2077649,1054439,1023210,1869711,930255,939456,1908996,953881,955115,2702826,1357306,1345520,3364702,1694981,1669721,624395,313428,310967
2016.01,51541582,25763237,25778345,10018537,4927897,5090640,3513361,1735280,1778081,2487823,1237155,1250668,2927195,1470473,1456722,1472802,729995,742807,1518024,759361,758663,1173568,604924,568644,215418,108003,107415,12536474,6306634,6229840,1549193,781185,768008,1583982,799002,784980,2078572,1054997,1023575,1868354,929631,938723,1906904,952924,953980,2701160,1356568,1344592,3364764,1695187,1669577,625451,314021,311430
2016.02,51555409,25769138,25786271,10014261,4924977,5089284,3513192,1734825,1778367,2486589,1236386,1250203,2928596,1471306,1457290,1472153,729623,742530,1517716,759269,758447,1173143,604806,568337,220108,110236,109872,12551398,6313836,6237562,1548016,780378,767638,1583781,798964,784817,2080030,1055845,1024185,1867534,929265,938269,1905700,952443,953257,2701055,1356673,1344382,3364695,1695300,1669395,627442,315006,312436
2016.03,51569536,25775322,25794214,10009588,4922103,5087485,3512444,1734251,1778193,2486059,1235985,1250074,2929817,1471951,1457866,1471618,729275,742343,1517118,758806,758312,1172959,604669,568290,223461,111935,111526,12565891,6321080,6244811,1547845,780320,767525,1584325,799332,784993,2081092,1056529,1024563,1866691,928678,938013,1905239,952199,953040,2701148,1356896,1344252,3365021,1695287,1669734,629220,316026,313194
2016.04,51584349,25781628,25802721,10002979,4918312,5084667,3511974,1733680,1778294,2485663,1235606,1250057,2932141,1472988,1459153,1471819,729446,742373,1516904,758719,758185,1172925,604597,568328,225488,112910,112578,12578597,6327267,6251330,1548170,780311,767859,1585312,799906,785406,2082319,1057262,1025057,1866184,928445,937739,1904917,952043,952874,2701238,1356951,1344287,3366658,1696142,1670516,631061,317043,314018
2016.05,51601265,25788953,25812312,9995784,4914078,5081706,3510833,1733069,1777764,2485134,1235130,1250004,2933959,1473753,1460206,1472317,729692,742625,1516494,758476,758018,1173147,604609,568538,227972,114140,113832,12594829,6335366,6259463,1547821,779972,767849,1586414,800446,785968,2084034,1058225,1025809,1865634,928228,937406,1904449,951810,952639,2701912,1357450,1344462,3367730,1696633,1671097,632802,317876,314926
2016.06,51619330,25796204,25823126,9989795,4910202,5079593,3509462,1732157,1777305,2484864,1234964,1249900,2935314,1474326,1460988,1472285,729664,742621,1516208,758452,757756,1173143,604551,568592,230327,115280,115047,12610877,6343196,6267681,1548603,780435,768168,1586943,800667,786276,2085844,1058954,1026890,1865900,928343,937557,1904314,951725,952589,2702385,1357622,1344763,3368792,1697082,1671710,634274,318584,315690
2016.07,51634618,25802692,25831926,9981673,4905463,5076210,3508095,1731316,1776779,2484856,1234931,1249925,2937217,1475180,1462037,1472481,729777,742704,1516291,758416,757875,1173066,604421,568645,232117,116166,115951,12629325,6352625,6276700,1548636,780330,768306,1587539,801084,786455,2086737,1059341,1027396,1865612,928137,937475,1903692,951462,952230,2702210,1357371,1344839,3369271,1697255,1672016,635800,319417,316383
2016.08,51649552,25809031,25840521,9971111,4899436,5071675,3507205,1730551,1776654,2485537,1235156,1250381,2938902,1475913,1462989,1472432,729733,742699,1516165,758396,757769,1173005,604325,568680,234510,117375,117135,12649894,6363048,6286846,1548844,780401,768443,1588025,801415,786610,2088268,1060228,1028040,1865232,927897,937335,1902883,951102,951781,2701293,1356859,1344434,3369074,1697047,1672027,637172,320149,317023
2016.09,51664244,25815202,25849042,9964291,4895508,5068783,3505821,1729643,1776178,2485692,1235200,1250492,2940436,1476418,1464018,1472379,729673,742706,1516241,758289,757952,1172965,604227,568738,236134,118206,117928,12666278,6371378,6294900,1549483,780675,768808,1588548,801655,786893,2089831,1061077,1028754,1864729,927682,937047,1902077,950653,951424,2701445,1356958,1344487,3369695,1697285,1672410,638199,320675,317524
2016.10,51677054,25820488,25856566,9954791,4890007,5064784,3503789,1728422,1775367,2485484,1234986,1250498,2941793,1477015,1464778,1471911,729485,742426,1515787,758013,757774,1173178,604248,568930,238533,119398,119135,12683730,6380142,6303588,1550021,780889,769132,1589268,802058,787210,2091626,1061988,1029638,1864043,927284,936759,1902022,950660,951362,2700957,1356799,1344158,3370815,1697809,1673006,639306,321285,318021
2016.11,51687682,25824429,25863253,9943333,4883805,5059528,3501671,1727358,1774313,2485535,1234750,1250785,2942613,1477356,1465257,1471384,729254,742130,1515394,757902,757492,1172891,604119,568772,240560,120343,120217,12699920,6387398,6312522,1550209,780924,769285,1590537,802676,787861,2093838,1063162,1030676,1864475,927460,937015,1902260,950824,951436,2700843,1356932,1343911,3371731,1698180,1673551,640488,321986,318502
2016.12,51696216,25827594,25868622,9930616,4876789,5053827,3498529,1725607,1772922,2484557,1234169,1250388,2943069,1477671,1465398,1469214,728137,741077,1514370,757289,757081,1172304,603797,568507,243048,121505,121543,12716780,6395453,6321327,1550806,781146,769660,1591625,803240,788385,2096727,1064765,1031962,1864791,927505,937286,1903914,951889,952025,2700398,1356868,1343530,3373871,1699219,1674652,641597,322545,319052
2017.01,51704332,25830890,25873442,9930478,4875745,5054733,3496779,1724481,1772298,2484688,1234155,1250533,2944009,1478103,1465906,1469583,728408,741175,1514354,757142,757212,1171656,603471,568185,244939,122451,122488,12728620,6401310,6327310,1549212,780219,768993,1591674,803295,788379,2097406,1065288,1032118,1863298,926821,936477,1902380,951308,951072,2698803,1356260,1342543,3374065,1699430,1674635,642388,323003,319385
2017.02,51712221,25833963,25878258,9931412,4874839,5056573,3495478,1723568,1771910,2484578,1233889,1250689,2944266,1478113,1466153,1468527,727870,740657,1513877,756811,757066,1169957,602577,567380,247600,123761,123839,12741266,6408014,6333252,1548252,779796,768456,1592001,803533,788468,2099924,1066697,1033227,1861955,926100,935855,1900797,950622,950175,2696329,1355368,1340961,3372266,1698621,1673645,643736,323784,319952
2017.03,51714935,25833566,25881369,9926968,4871560,5055408,3493041,1721829,1771212,2483488,1232979,1250509,2944630,1478115,1466515,1467766,727352,740414,1512189,755931,756258,1168843,601926,566917,251178,125524,125654,12753983,6414903,6339080,1547735,779542,768193,1591697,803490,788207,2102327,1068132,1034195,1860485,925364,935121,1899441,949774,949667,2694544,1354401,1340143,3371696,1698309,1673387,644924,324435,320489
2017.04,51722903,25836516,25886387,9922745,4868367,5054378,3491282,1720874,1770408,2483105,1232641,1250464,2945305,1478356,1466949,1467002,726707,740295,1511396,755507,755889,1168501,601623,566878,254112,126951,127161,12763961,6419893,6344068,1547579,779608,767971,1592492,804037,788455,2104463,1069348,1035115,1859703,925005,934698,1899604,950175,949429,2693810,1354089,1339721,3371703,1698224,1673479,646140,325111,321029
2017.05,51732586,25840361,25892225,9919016,4865778,5053238,3489212,1719792,1769420,2482476,1232194,1250282,2946270,1478780,1467490,1466741,726559,740182,1509587,754432,755155,1167960,601244,566716,259157,129481,129676,12775175,6425769,6349406,1547453,779367,768086,1592573,804119,788454,2105959,1070198,1035761,1858927,924625,934302,1899088,949931,949157,2692859,1353724,1339135,3372586,1698498,1674088,647547,325870,321677
2017.06,51736224,25840911,25895313,9914381,4862573,5051808,3486570,1718263,1768307,2481985,1231735,1250250,2946915,1479099,1467816,1466451,726451,740000,1508137,753814,754323,1167525,600925,566600,263056,131391,131665,12783741,6430216,6353525,1547829,779669,768160,1592634,804151,788483,2107562,1071202,1036360,1857815,924014,933801,1898065,949266,948799,2691727,1353079,1338648,3373334,1698655,1674679,648497,326408,322089
2017.07,51744948,25844117,25900831,9908612,4859039,5049573,3484836,1717283,1767553,2481489,1231358,1250131,2947803,1479560,1468243,1466415,726563,739852,1507597,753555,754042,1166942,600568,566374,266075,132913,133162,12795378,6436130,6359248,1547387,779242,768145,1592817,804225,788592,2109230,1072094,1037136,1856921,923537,933384,1897681,948948,948733,2690974,1352630,1338344,3374601,1699166,1675435,650190,327306,322884
2017.08,51753820,25847379,25906441,9902072,4855013,5047059,3484183,1716630,1767553,2479887,1230481,1249406,2948014,1479582,1468432,1466642,726678,739964,1507116,753326,753790,1165909,600002,565907,269102,134395,134707,12810014,6443859,6366155,1547455,779280,768175,1593022,804272,788750,2111419,1073294,1038125,1855985,923000,932985,1895974,947994,947980,2690671,1352403,1338268,3374467,1698991,1675476,651888,328179,323709
2017.09,51762492,25850675,25911817,9891448,4849195,5042253,3482804,1715622,1767182,2478236,1229570,1248666,2947298,1479115,1468183,1466639,726714,739925,1506741,753133,753608,1165385,599679,565706,271410,135548,135862,12827633,6452524,6375109,1547768,779506,768262,1593313,804367,788946,2113033,1074196,1038837,1855450,922805,932645,1895233,947586,947647,2691502,1352777,1338725,3375329,1699428,1675901,653270,328910,324360
2017.10,51769092,25852884,25916208,9882810,4844555,5038255,3478109,1713314,1764795,2477186,1228943,1248243,2948098,1479406,1468692,1466716,726768,739948,1505829,752671,753158,1165528,599733,565795,274092,136880,137212,12841321,6459082,6382239,1547999,779517,768482,1593577,804466,789111,2114284,1074987,1039297,1854688,922381,932307,1894676,947281,947395,2691794,1352966,1338828,3377635,1700251,1677384,654750,329683,325067
2017.11,51774649,25854608,25920041,9870167,4837345,5032822,3474534,1711398,1763136,2476557,1228498,1248059,2948241,1479495,1468746,1466328,726603,739725,1504307,752025,752282,1165317,599543,565774,276879,138275,138604,12858161,6467553,6390608,1549344,780143,769201,1594005,804791,789214,2115586,1075610,1039976,1853886,921918,931968,1894426,947179,947247,2691878,1353108,1338770,3379020,1700819,1678201,656013,330305,325708
2017.12,51778544,25855919,25922625,9857426,4830206,5027220,3470653,1709508,1761145,2475231,1227814,1247417,2948542,1479597,1468945,1463770,725295,738475,1502227,750969,751258,1165132,599480,565652,280100,139734,140366,12873895,6475323,6398572,1550142,780635,769507,1594432,805091,789341,2116770,1076270,1040500,1854607,922307,932300,1896424,948290,948134,2691706,1353164,1338542,3380404,1701413,1678991,657083,330823,326260
2018.01,51779148,25855611,25923537,9851767,4826345,5025422,3467055,1707568,1759487,2474309,1227177,1247132,2950771,1480645,1470126,1464037,725343,738694,1501378,750415,750963,1164489,599243,565246,283198,141253,141945,12890445,6483951,6406494,1548078,779669,768409,1593903,804965,788938,2117685,1076905,1040780,1851694,920846,930848,1893444,947078,946366,2688747,1351679,1337068,3379981,1701185,1678796,658167,331344,326823
2018.02,51779892,25855513,25924379,9845336,4822071,5023265,3465407,1706589,1758818,2473466,1226725,1246741,2951629,1480921,1470708,1463100,724918,738182,1499187,749331,749856,1163151,598625,564526,288079,143601,144478,12908010,6492392,6415618,1546259,778731,767528,1594066,805256,788810,2118099,1077315,1040784,1849543,919935,929608,1891308,946285,945023,2685633,1350367,1335266,3378430,1700579,1677851,659189,331872,327317
2018.03,51784669,25856654,25928015,9838892,4817507,5021385,3463103,1705182,1757921,2472175,1225877,1246298,2951442,1480773,1470669,1462033,724187,737846,1497572,748488,749084,1162074,598049,564025,291182,145235,145947,12925761,6501263,6424498,1546152,778648,767504,1594708,805800,788908,2119468,1078219,1041249,1848066,919121,928945,1890423,946095,944328,2683661,1349665,1333996,3377516,1700053,1677463,660441,332492,327949
2018.04,51790131,25857963,25932168,9830452,4812514,5017938,3460707,1703724,1756983,2471136,1225216,1245920,2952476,1481221,1471255,1460972,723604,737368,1496123,747775,748348,1161303,597654,563649,295041,147180,147861,12941604,6509171,6432433,1545452,778213,767239,1595164,806193,788971,2120666,1078780,1041886,1847089,918599,928490,1890412,946077,944335,2682897,1349276,1333621,3377126,1699703,1677423,661511,333063,328448
2018.05,51796179,25859449,25936730,9820971,4806841,5014130,3458134,1702278,1755856,2469936,1224529,1245407,2953255,1481506,1471749,1460564,723405,737159,1495234,747264,747970,1160657,597181,563476,297604,148481,149123,12958648,6517899,6440749,1545291,777960,767331,1595822,806654,789168,2121618,1079334,1042284,1846144,918074,928070,1889726,945662,944064,2682316,1348939,1333377,3377626,1699839,1677787,662633,333603,329030
2018.06,51801449,25861116,25940333,9814049,4802769,5011280,3455611,1700822,1754789,2469617,1224126,1245491,2953883,1481769,1472114,1460745,723562,737183,1494878,747071,747807,1159594,596415,563179,300332,149839,150493,12975176,6526428,6448748,1544843,777725,767118,1595772,806666,789106,2122220,1079667,1042553,1844639,917256,927383,1887991,944826,943165,2681090,1348480,1332610,3377483,1699688,1677795,663526,334007,329519
2018.07,51806977,25862378,25944599,9806538,4798255,5008283,3453198,1699375,1753823,2468824,1223541,1245283,2953841,1481730,1472111,1461203,723738,737465,1495029,747070,747959,1158847,595843,563004,302703,151019,151684,12993165,6535785,6457380,1544258,777281,766977,1596161,806982,789179,2122531,1079820,1042711,1843009,916418,926591,1886297,944057,942240,2679546,1347585,1331961,3377248,1699357,1677891,664579,334522,330057
2018.08,51812153,25863568,25948585,9799075,4793529,5005546,3451049,1698145,1752904,2467385,1222651,1244734,2953206,1481196,1472010,1461463,723692,737771,1494286,746684,747602,1157964,595230,562734,305648,152530,153118,13012486,6545752,6466734,1543668,776973,766695,1596324,807234,789090,2123368,1080268,1043100,1841427,915644,925783,1884285,943176,941109,2678272,1346899,1331373,3376730,1698931,1677799,665517,335034,330483
2018.09,51817851,25865557,25952294,9793003,4789821,5003182,3449593,1697295,1752298,2466454,1222113,1244341,2953116,1481129,1471987,1461790,723732,738058,1493654,746335,747319,1157420,594875,562545,308068,153838,154230,13027338,6553196,6474142,1543780,777040,766740,1596734,807503,789231,2123776,1080494,1043282,1840544,915289,925255,1882637,942418,940219,2677762,1346701,1331061,3376031,1698457,1677574,666151,335321,330830
2018.10,51821881,25866067,25955814,9784112,4784674,4999438,3446856,1695639,1751217,2465145,1221295,1243850,2953333,1481249,1472084,1461904,723732,738172,1492589,745709,746880,1156917,594552,562365,310403,155050,155353,13045223,6561990,6483233,1543441,776790,766651,1597709,808059,789650,2124524,1080957,1043567,1839358,914658,924700,1881420,941919,939501,2676904,1346330,1330574,3375357,1697945,1677412,666686,335519,331167
2018.11,51824477,25866371,25958106,9774088,4778917,4995171,3444540,1694363,1750177,2464002,1220652,1243350,2953844,1481568,1472276,1461009,723379,737630,1491716,745257,746459,1156260,594214,562046,312103,155835,156268,13061074,6569721,6491353,1543556,776708,766848,1598184,808309,789875,2125409,1081439,1043970,1838049,913986,924063,1881518,942041,939477,2677014,1346530,1330484,3375047,1697756,1677291,667064,335696,331368
2018.12,51826059,25866129,25959930,9765623,4773899,4991724,3441453,1692421,1749032,2461769,1219342,1242427,2954642,1481844,1472798,1459336,722581,736755,1489936,744338,745598,1155623,593819,561804,314126,156831,157295,13077153,6577501,6499652,1543052,776456,766596,1599252,808971,790281,2126282,1082009,1044273,1836832,913297,923535,1882970,943000,939970,2676831,1346689,1330142,3373988,1697412,1676576,667191,335719,331472
2019.01,51826287,25865518,25960769,9766288,4772822,4993466,3438259,1690527,1747732,2460382,1218478,1241904,2955916,1482441,1473475,1459832,722902,736930,1488725,743851,744874,1154786,593436,561350,316814,158090,158724,13090648,6584729,6505919,1541693,775683,766010,1599155,809020,790135,2125797,1081976,1043821,1834532,912117,922415,1878904,941188,937716,2674005,1345392,1328613,3373214,1697053,1676161,667337,335813,331524
2019.02,51829538,25866255,25963283,9770638,4773605,4997033,3436230,1689253,1746977,2458138,1217209,1240929,2956063,1482440,1473623,1459208,722689,736519,1487605,743135,744470,1153735,592853,560882,320326,159860,160466,13104696,6592095,6512601,1540445,774988,765457,1598868,808975,789893,2125372,1082148,1043224,1832227,911110,921117,1875862,939624,936238,2671587,1344344,1327243,3371016,1696062,1674954,667522,335865,331657
2019.03,51833175,25866984,25966191,9770216,4772134,4998082,3434091,1687792,1746299,2455829,1215750,1240079,2956513,1482588,1473925,1458930,722511,736419,1486647,742647,744000,1152800,592362,560438,322693,161056,161637,13116579,6598392,6518187,1540488,775015,765473,1598775,809060,789715,2125778,1082428,1043350,1830499,910221,920278,1874232,938881,935351,2671036,1344255,1326781,3369949,1695666,1674283,668120,336226,331894
2019.04,51836763,25867727,25969036,9766886,4769474,4997412,3431750,1686235,1745515,2454154,1214640,1239514,2956700,1482820,1473880,1458940,722495,736445,1485509,742095,743414,1152293,592037,560256,324417,161944,162473,13129508,6605143,6524365,1540794,775002,765792,1599488,809567,789921,2125912,1082520,1043392,1829273,909550,919723,1873183,938558,934625,2670375,1343986,1326389,3368933,1695232,1673701,668648,336429,332219
2019.05,51840339,25868330,25972009,9762062,4766085,4995977,3429595,1684792,1744803,2452291,1213494,1238797,2957179,1483087,1474092,1459003,722531,736472,1484398,741504,742894,1151685,591690,559995,325777,162578,163199,13145482,6613473,6532009,1540776,774920,765856,1599854,809825,790029,2125732,1082499,1043233,1827871,908824,919047,1871718,937881,933837,2669731,1343742,1325989,3367857,1694688,1673169,669328,336717,332611
2019.06,51842636,25868406,25974230,9757144,4762711,4994433,3427632,1683596,1744036,2450478,1212450,1238028,2957024,1482934,1474090,1459024,722559,736465,1482938,740834,742104,1151301,591449,559852,327643,163528,164115,13159178,6620514,6538664,1540855,774923,765932,1599650,809776,789874,2125855,1082597,1043258,1826717,908163,918554,1870587,937429,933158,2669850,1343822,1326028,3366989,1694177,1672812,669771,336944,332827
2019.07,51845612,25868638,25976974,9751415,4759105,4992310,3425317,1682209,1743108,2448666,1211432,1237234,2956828,1482651,1474177,1459486,722801,736685,1481701,740227,741474,1150891,591161,559730,330298,164832,165466,13176011,6629105,6546906,1540714,774779,765935,1599368,809760,789608,2125349,1082259,1043090,1825381,907522,917859,1868856,936541,932315,2668836,1343416,1325420,3366286,1693730,1672556,670209,337108,333101
2019.08,51847538,25868377,25979161,9744888,4754998,4989890,3423209,1681015,1742194,2446745,1210476,1236269,2956525,1482375,1474150,1459438,722608,736830,1480520,739595,740925,1150294,590889,559405,332098,165740,166358,13193943,6638077,6555866,1540780,774790,765990,1599402,809905,789497,2125160,1082231,1042929,1823982,906743,917239,1867094,935765,931329,2667657,1342782,1324875,3365282,1693182,1672100,670521,337206,333315
2019.09,51849253,25868023,25981230,9740398,4751696,4988702,3421502,1679894,1741608,2445270,1209564,1235706,2956804,1482453,1474351,1459632,722595,737037,1479641,739110,740531,1149873,590619,559254,333757,166548,167209,13207219,6644899,6562320,1540721,774707,766014,1599339,809857,789482,2124855,1082219,1042636,1822883,906185,916698,1865915,935364,930551,2666795,1342456,1324339,3364039,1692600,1671439,670610,337257,333353
2019.10,51850705,25867179,25983526,9736289,4749055,4987234,3418871,1678363,1740508,2443528,1208429,1235099,2956984,1482413,1474571,1459360,722448,736912,1478436,738400,740036,1149409,590332,559077,336356,167810,168546,13218912,6650459,6568453,1540897,774848,766049,1599499,809928,789571,2124619,1082171,1042448,1821813,905592,916221,1865039,934993,930046,2666072,1342074,1323998,3363883,1692582,1671301,670738,337282,333456
2019.11,51851427,25866604,25984823,9732577,4746636,4985941,3416721,1677165,1739556,2441581,1207318,1234263,2957249,1482519,1474730,1458915,722168,736747,1476955,737607,739348,1148922,590098,558824,338647,168916,169731,13228177,6654571,6573606,1541399,775250,766149,1599651,810187,789464,2124302,1082030,1042272,1820799,905017,915782,1865588,935574,930014,2665775,1341962,1323813,3363274,1692247,1671027,670895,337339,333556
2019.12,51849861,25864816,25985045,9729107,4744059,4985048,3413841,1675417,1738424,2438031,1205286,1232745,2957026,1482249,1474777,1456468,720740,735728,1474870,736607,738263,1148019,589712,558307,340575,169845,170730,13239666,6659995,6579671,1541502,775386,766116,1600007,810384,789623,2123709,1081938,1041771,1818917,904110,914807,1868745,937674,931071,2665836,1342037,1323799,3362553,1692032,1670521,670989,337345,333644
2020.01,51847509,25862863,25984646,9733509,4745088,4988421,3411819,1674202,1737617,2436488,1204387,1232101,2956119,1481749,1474370,1456688,720931,735757,1474152,736259,737893,1147037,589233,557804,342328,170729,171599,13250368,6665310,6585058,1540540,774866,765674,1599391,810129,789262,2122455,1081552,1040903,1817302,903385,913917,1864712,935962,928750,2662508,1340346,1322162,3361344,1691504,1669840,670749,337231,333518
2020.02,51844627,25860491,25984136,9736962,4745133,4991829,3410925,1673266,1737659,2432883,1202364,1230519,2954955,1481133,1473822,1456121,720686,735435,1473125,735791,737334,1145710,588626,557084,343788,171403,172385,13265377,6672706,6592671,1539521,774358,765163,1598599,809805,788794,2120995,1081153,1039842,1815112,902365,912747,1861894,934900,926994,2658956,1338907,1320049,3358828,1690600,1668228,670876,337295,333581
2020.03,51843195,25858743,25984452,9733655,4742217,4991438,3409932,1672252,1737680,2433568,1202273,1231295,2952689,1479839,1472850,1455705,720460,735245,1471858,735179,736679,1144563,588127,556436,344792,171951,172841,13288975,6684759,6604216,1538577,773983,764594,1597639,809369,788270,2119749,1080705,1039044,1812936,901252,911684,1859290,933896,925394,2653418,1336289,1317129,3355341,1689137,1666204,670508,337055,333453
2020.04,51842524,25857509,25985015,9726787,4737843,4988944,3408347,1671199,1737148,2431523,1200899,1230624,2950972,1478916,1472056,1456096,720536,735560,1471650,734902,736748,1144098,587902,556196,345216,172176,173040,13311254,6696531,6614723,1537780,773468,764312,1596613,809005,787608,2118457,1080256,1038201,1811619,900628,910991,1857083,932970,924113,2651054,1334981,1316073,3353380,1688178,1665202,670595,337119,333476
2020.05,51841371,25856030,25985341,9724496,4735431,4989065,3406942,1670175,1736767,2429059,1199504,1229555,2950063,1478307,1471756,1455533,720300,735233,1471915,734940,736975,1143148,587434,555714,345373,172269,173104,13324041,6703603,6620438,1538639,773923,764716,1596710,809114,787596,2118510,1080425,1038085,1810097,899894,910203,1855945,932496,923449,2648760,1333815,1314945,3351347,1687289,1664058,670793,337111,333682
